5000
E 3
K 4504
S 259
1	2	10
15	16	5
4	5	1
10	12	2
3	7	1
12	15	12
5	8	3
8	10	4
4	9	5
11	14	1
9	14	22
2	3	2
14	16	8
2	6	3
14	13	1
3	10	3
11	12	5
11	17	9
8	17	3
13	17	3
17	18	6
17	23	100
18	9	9
9	19	3
19	18	5
19	20	1
20	21	3
22	21	5
24	21	3
23	22	7
19	1	30
19	14	40
10	25	2
5	26	9
26	2	3
29	26	3
28	29	1
27	28	2
30	29	4
4	30	1
27	2	1
30	19	3
31	25	5
31	32	8
12	32	3
32	15	3
33	20	7
30	33	9
12	34	11
14	34	20
20	35	6
39	35	5
36	35	1
37	36	7
38	37	15
24	38	30
24	39	7
37	40	1
40	22	20
9	41	4
15	42	25
42	43	3
16	43	2
16	48	7
47	48	5
14	47	20
46	47	15
13	46	4
50	13	11
13	44	8
44	45	2
6	49	1
40	45	10
22	44	5
38	55	2
52	55	6
54	52	1
54	53	9
50	53	5
50	52	4
51	50	10
46	51	9
45	52	1
55	57	7
56	57	10
70	71	5
59	60	1
65	67	2
58	62	1
67	70	12
60	63	3
63	65	4
59	64	5
66	69	1
64	69	22
57	58	2
69	71	8
57	61	3
69	68	1
58	65	3
66	67	5
66	72	9
63	72	3
68	72	3
72	73	6
72	78	100
73	64	9
64	74	3
74	73	5
74	75	1
75	76	3
77	76	5
79	76	3
78	77	7
74	56	30
74	69	40
65	80	2
60	81	9
81	57	3
84	81	3
83	84	1
82	83	2
85	84	4
59	85	1
82	57	1
85	74	3
86	80	5
86	87	8
67	87	3
87	70	3
88	75	7
85	88	9
67	89	11
69	89	20
75	90	6
94	90	5
91	90	1
92	91	7
93	92	15
79	93	30
79	94	7
92	95	1
95	77	20
64	96	4
70	97	25
97	98	3
71	98	2
71	103	7
102	103	5
69	102	20
101	102	15
68	101	4
105	68	11
68	99	8
99	100	2
61	104	1
95	100	10
77	99	5
93	110	2
107	110	6
109	107	1
109	108	9
105	108	5
105	107	4
106	105	10
101	106	9
100	107	1
110	112	7
111	112	10
125	126	5
114	115	1
120	122	2
113	117	1
122	125	12
115	118	3
118	120	4
114	119	5
121	124	1
119	124	22
112	113	2
124	126	8
112	116	3
124	123	1
113	120	3
121	122	5
121	127	9
118	127	3
123	127	3
127	128	6
127	133	100
128	119	9
119	129	3
129	128	5
129	130	1
130	131	3
132	131	5
134	131	3
133	132	7
129	111	30
129	124	40
120	135	2
115	136	9
136	112	3
139	136	3
138	139	1
137	138	2
140	139	4
114	140	1
137	112	1
140	129	3
141	135	5
141	142	8
122	142	3
142	125	3
143	130	7
140	143	9
122	144	11
124	144	20
130	145	6
149	145	5
146	145	1
147	146	7
148	147	15
134	148	30
134	149	7
147	150	1
150	132	20
119	151	4
125	152	25
152	153	3
126	153	2
126	158	7
157	158	5
124	157	20
156	157	15
123	156	4
160	123	11
123	154	8
154	155	2
116	159	1
150	155	10
132	154	5
148	165	2
162	165	6
164	162	1
164	163	9
160	163	5
160	162	4
161	160	10
156	161	9
155	162	1
165	167	7
166	167	10
180	181	5
169	170	1
175	177	2
168	172	1
177	180	12
170	173	3
173	175	4
169	174	5
176	179	1
174	179	22
167	168	2
179	181	8
167	171	3
179	178	1
168	175	3
176	177	5
176	182	9
173	182	3
178	182	3
182	183	6
182	188	100
183	174	9
174	184	3
184	183	5
184	185	1
185	186	3
187	186	5
189	186	3
188	187	7
184	166	30
184	179	40
175	190	2
170	191	9
191	167	3
194	191	3
193	194	1
192	193	2
195	194	4
169	195	1
192	167	1
195	184	3
196	190	5
196	197	8
177	197	3
197	180	3
198	185	7
195	198	9
177	199	11
179	199	20
185	200	6
204	200	5
201	200	1
202	201	7
203	202	15
189	203	30
189	204	7
202	205	1
205	187	20
174	206	4
180	207	25
207	208	3
181	208	2
181	213	7
212	213	5
179	212	20
211	212	15
178	211	4
215	178	11
178	209	8
209	210	2
171	214	1
205	210	10
187	209	5
203	220	2
217	220	6
219	217	1
219	218	9
215	218	5
215	217	4
216	215	10
211	216	9
210	217	1
220	222	7
221	222	10
235	236	5
224	225	1
230	232	2
223	227	1
232	235	12
225	228	3
228	230	4
224	229	5
231	234	1
229	234	22
222	223	2
234	236	8
222	226	3
234	233	1
223	230	3
231	232	5
231	237	9
228	237	3
233	237	3
237	238	6
237	243	100
238	229	9
229	239	3
239	238	5
239	240	1
240	241	3
242	241	5
244	241	3
243	242	7
239	221	30
239	234	40
230	245	2
225	246	9
246	222	3
249	246	3
248	249	1
247	248	2
250	249	4
224	250	1
247	222	1
250	239	3
251	245	5
251	252	8
232	252	3
252	235	3
253	240	7
250	253	9
232	254	11
234	254	20
240	255	6
259	255	5
256	255	1
257	256	7
258	257	15
244	258	30
244	259	7
257	260	1
260	242	20
229	261	4
235	262	25
262	263	3
236	263	2
236	268	7
267	268	5
234	267	20
266	267	15
233	266	4
270	233	11
233	264	8
264	265	2
226	269	1
260	265	10
242	264	5
258	275	2
272	275	6
274	272	1
274	273	9
270	273	5
270	272	4
271	270	10
266	271	9
265	272	1
275	277	7
276	277	10
290	291	5
279	280	1
285	287	2
278	282	1
287	290	12
280	283	3
283	285	4
279	284	5
286	289	1
284	289	22
277	278	2
289	291	8
277	281	3
289	288	1
278	285	3
286	287	5
286	292	9
283	292	3
288	292	3
292	293	6
292	298	100
293	284	9
284	294	3
294	293	5
294	295	1
295	296	3
297	296	5
299	296	3
298	297	7
294	276	30
294	289	40
285	300	2
280	301	9
301	277	3
304	301	3
303	304	1
302	303	2
305	304	4
279	305	1
302	277	1
305	294	3
306	300	5
306	307	8
287	307	3
307	290	3
308	295	7
305	308	9
287	309	11
289	309	20
295	310	6
314	310	5
311	310	1
312	311	7
313	312	15
299	313	30
299	314	7
312	315	1
315	297	20
284	316	4
290	317	25
317	318	3
291	318	2
291	323	7
322	323	5
289	322	20
321	322	15
288	321	4
325	288	11
288	319	8
319	320	2
281	324	1
315	320	10
297	319	5
313	330	2
327	330	6
329	327	1
329	328	9
325	328	5
325	327	4
326	325	10
321	326	9
320	327	1
330	332	7
331	332	10
345	346	5
334	335	1
340	342	2
333	337	1
342	345	12
335	338	3
338	340	4
334	339	5
341	344	1
339	344	22
332	333	2
344	346	8
332	336	3
344	343	1
333	340	3
341	342	5
341	347	9
338	347	3
343	347	3
347	348	6
347	353	100
348	339	9
339	349	3
349	348	5
349	350	1
350	351	3
352	351	5
354	351	3
353	352	7
349	331	30
349	344	40
340	355	2
335	356	9
356	332	3
359	356	3
358	359	1
357	358	2
360	359	4
334	360	1
357	332	1
360	349	3
361	355	5
361	362	8
342	362	3
362	345	3
363	350	7
360	363	9
342	364	11
344	364	20
350	365	6
369	365	5
366	365	1
367	366	7
368	367	15
354	368	30
354	369	7
367	370	1
370	352	20
339	371	4
345	372	25
372	373	3
346	373	2
346	378	7
377	378	5
344	377	20
376	377	15
343	376	4
380	343	11
343	374	8
374	375	2
336	379	1
370	375	10
352	374	5
368	385	2
382	385	6
384	382	1
384	383	9
380	383	5
380	382	4
381	380	10
376	381	9
375	382	1
385	387	7
386	387	10
400	401	5
389	390	1
395	397	2
388	392	1
397	400	12
390	393	3
393	395	4
389	394	5
396	399	1
394	399	22
387	388	2
399	401	8
387	391	3
399	398	1
388	395	3
396	397	5
396	402	9
393	402	3
398	402	3
402	403	6
402	408	100
403	394	9
394	404	3
404	403	5
404	405	1
405	406	3
407	406	5
409	406	3
408	407	7
404	386	30
404	399	40
395	410	2
390	411	9
411	387	3
414	411	3
413	414	1
412	413	2
415	414	4
389	415	1
412	387	1
415	404	3
416	410	5
416	417	8
397	417	3
417	400	3
418	405	7
415	418	9
397	419	11
399	419	20
405	420	6
424	420	5
421	420	1
422	421	7
423	422	15
409	423	30
409	424	7
422	425	1
425	407	20
394	426	4
400	427	25
427	428	3
401	428	2
401	433	7
432	433	5
399	432	20
431	432	15
398	431	4
435	398	11
398	429	8
429	430	2
391	434	1
425	430	10
407	429	5
423	440	2
437	440	6
439	437	1
439	438	9
435	438	5
435	437	4
436	435	10
431	436	9
430	437	1
440	442	7
441	442	10
455	456	5
444	445	1
450	452	2
443	447	1
452	455	12
445	448	3
448	450	4
444	449	5
451	454	1
449	454	22
442	443	2
454	456	8
442	446	3
454	453	1
443	450	3
451	452	5
451	457	9
448	457	3
453	457	3
457	458	6
457	463	100
458	449	9
449	459	3
459	458	5
459	460	1
460	461	3
462	461	5
464	461	3
463	462	7
459	441	30
459	454	40
450	465	2
445	466	9
466	442	3
469	466	3
468	469	1
467	468	2
470	469	4
444	470	1
467	442	1
470	459	3
471	465	5
471	472	8
452	472	3
472	455	3
473	460	7
470	473	9
452	474	11
454	474	20
460	475	6
479	475	5
476	475	1
477	476	7
478	477	15
464	478	30
464	479	7
477	480	1
480	462	20
449	481	4
455	482	25
482	483	3
456	483	2
456	488	7
487	488	5
454	487	20
486	487	15
453	486	4
490	453	11
453	484	8
484	485	2
446	489	1
480	485	10
462	484	5
478	495	2
492	495	6
494	492	1
494	493	9
490	493	5
490	492	4
491	490	10
486	491	9
485	492	1
495	497	7
496	497	10
510	511	5
499	500	1
505	507	2
498	502	1
507	510	12
500	503	3
503	505	4
499	504	5
506	509	1
504	509	22
497	498	2
509	511	8
497	501	3
509	508	1
498	505	3
506	507	5
506	512	9
503	512	3
508	512	3
512	513	6
512	518	100
513	504	9
504	514	3
514	513	5
514	515	1
515	516	3
517	516	5
519	516	3
518	517	7
514	496	30
514	509	40
505	520	2
500	521	9
521	497	3
524	521	3
523	524	1
522	523	2
525	524	4
499	525	1
522	497	1
525	514	3
526	520	5
526	527	8
507	527	3
527	510	3
528	515	7
525	528	9
507	529	11
509	529	20
515	530	6
534	530	5
531	530	1
532	531	7
533	532	15
519	533	30
519	534	7
532	535	1
535	517	20
504	536	4
510	537	25
537	538	3
511	538	2
511	543	7
542	543	5
509	542	20
541	542	15
508	541	4
545	508	11
508	539	8
539	540	2
501	544	1
535	540	10
517	539	5
533	550	2
547	550	6
549	547	1
549	548	9
545	548	5
545	547	4
546	545	10
541	546	9
540	547	1
550	552	7
551	552	10
565	566	5
554	555	1
560	562	2
553	557	1
562	565	12
555	558	3
558	560	4
554	559	5
561	564	1
559	564	22
552	553	2
564	566	8
552	556	3
564	563	1
553	560	3
561	562	5
561	567	9
558	567	3
563	567	3
567	568	6
567	573	100
568	559	9
559	569	3
569	568	5
569	570	1
570	571	3
572	571	5
574	571	3
573	572	7
569	551	30
569	564	40
560	575	2
555	576	9
576	552	3
579	576	3
578	579	1
577	578	2
580	579	4
554	580	1
577	552	1
580	569	3
581	575	5
581	582	8
562	582	3
582	565	3
583	570	7
580	583	9
562	584	11
564	584	20
570	585	6
589	585	5
586	585	1
587	586	7
588	587	15
574	588	30
574	589	7
587	590	1
590	572	20
559	591	4
565	592	25
592	593	3
566	593	2
566	598	7
597	598	5
564	597	20
596	597	15
563	596	4
600	563	11
563	594	8
594	595	2
556	599	1
590	595	10
572	594	5
588	605	2
602	605	6
604	602	1
604	603	9
600	603	5
600	602	4
601	600	10
596	601	9
595	602	1
605	607	7
606	607	10
620	621	5
609	610	1
615	617	2
608	612	1
617	620	12
610	613	3
613	615	4
609	614	5
616	619	1
614	619	22
607	608	2
619	621	8
607	611	3
619	618	1
608	615	3
616	617	5
616	622	9
613	622	3
618	622	3
622	623	6
622	628	100
623	614	9
614	624	3
624	623	5
624	625	1
625	626	3
627	626	5
629	626	3
628	627	7
624	606	30
624	619	40
615	630	2
610	631	9
631	607	3
634	631	3
633	634	1
632	633	2
635	634	4
609	635	1
632	607	1
635	624	3
636	630	5
636	637	8
617	637	3
637	620	3
638	625	7
635	638	9
617	639	11
619	639	20
625	640	6
644	640	5
641	640	1
642	641	7
643	642	15
629	643	30
629	644	7
642	645	1
645	627	20
614	646	4
620	647	25
647	648	3
621	648	2
621	653	7
652	653	5
619	652	20
651	652	15
618	651	4
655	618	11
618	649	8
649	650	2
611	654	1
645	650	10
627	649	5
643	660	2
657	660	6
659	657	1
659	658	9
655	658	5
655	657	4
656	655	10
651	656	9
650	657	1
660	662	7
661	662	10
675	676	5
664	665	1
670	672	2
663	667	1
672	675	12
665	668	3
668	670	4
664	669	5
671	674	1
669	674	22
662	663	2
674	676	8
662	666	3
674	673	1
663	670	3
671	672	5
671	677	9
668	677	3
673	677	3
677	678	6
677	683	100
678	669	9
669	679	3
679	678	5
679	680	1
680	681	3
682	681	5
684	681	3
683	682	7
679	661	30
679	674	40
670	685	2
665	686	9
686	662	3
689	686	3
688	689	1
687	688	2
690	689	4
664	690	1
687	662	1
690	679	3
691	685	5
691	692	8
672	692	3
692	675	3
693	680	7
690	693	9
672	694	11
674	694	20
680	695	6
699	695	5
696	695	1
697	696	7
698	697	15
684	698	30
684	699	7
697	700	1
700	682	20
669	701	4
675	702	25
702	703	3
676	703	2
676	708	7
707	708	5
674	707	20
706	707	15
673	706	4
710	673	11
673	704	8
704	705	2
666	709	1
700	705	10
682	704	5
698	715	2
712	715	6
714	712	1
714	713	9
710	713	5
710	712	4
711	710	10
706	711	9
705	712	1
715	717	7
716	717	10
730	731	5
719	720	1
725	727	2
718	722	1
727	730	12
720	723	3
723	725	4
719	724	5
726	729	1
724	729	22
717	718	2
729	731	8
717	721	3
729	728	1
718	725	3
726	727	5
726	732	9
723	732	3
728	732	3
732	733	6
732	738	100
733	724	9
724	734	3
734	733	5
734	735	1
735	736	3
737	736	5
739	736	3
738	737	7
734	716	30
734	729	40
725	740	2
720	741	9
741	717	3
744	741	3
743	744	1
742	743	2
745	744	4
719	745	1
742	717	1
745	734	3
746	740	5
746	747	8
727	747	3
747	730	3
748	735	7
745	748	9
727	749	11
729	749	20
735	750	6
754	750	5
751	750	1
752	751	7
753	752	15
739	753	30
739	754	7
752	755	1
755	737	20
724	756	4
730	757	25
757	758	3
731	758	2
731	763	7
762	763	5
729	762	20
761	762	15
728	761	4
765	728	11
728	759	8
759	760	2
721	764	1
755	760	10
737	759	5
753	770	2
767	770	6
769	767	1
769	768	9
765	768	5
765	767	4
766	765	10
761	766	9
760	767	1
770	772	7
771	772	10
785	786	5
774	775	1
780	782	2
773	777	1
782	785	12
775	778	3
778	780	4
774	779	5
781	784	1
779	784	22
772	773	2
784	786	8
772	776	3
784	783	1
773	780	3
781	782	5
781	787	9
778	787	3
783	787	3
787	788	6
787	793	100
788	779	9
779	789	3
789	788	5
789	790	1
790	791	3
792	791	5
794	791	3
793	792	7
789	771	30
789	784	40
780	795	2
775	796	9
796	772	3
799	796	3
798	799	1
797	798	2
800	799	4
774	800	1
797	772	1
800	789	3
801	795	5
801	802	8
782	802	3
802	785	3
803	790	7
800	803	9
782	804	11
784	804	20
790	805	6
809	805	5
806	805	1
807	806	7
808	807	15
794	808	30
794	809	7
807	810	1
810	792	20
779	811	4
785	812	25
812	813	3
786	813	2
786	818	7
817	818	5
784	817	20
816	817	15
783	816	4
820	783	11
783	814	8
814	815	2
776	819	1
810	815	10
792	814	5
808	825	2
822	825	6
824	822	1
824	823	9
820	823	5
820	822	4
821	820	10
816	821	9
815	822	1
825	827	7
826	827	10
840	841	5
829	830	1
835	837	2
828	832	1
837	840	12
830	833	3
833	835	4
829	834	5
836	839	1
834	839	22
827	828	2
839	841	8
827	831	3
839	838	1
828	835	3
836	837	5
836	842	9
833	842	3
838	842	3
842	843	6
842	848	100
843	834	9
834	844	3
844	843	5
844	845	1
845	846	3
847	846	5
849	846	3
848	847	7
844	826	30
844	839	40
835	850	2
830	851	9
851	827	3
854	851	3
853	854	1
852	853	2
855	854	4
829	855	1
852	827	1
855	844	3
856	850	5
856	857	8
837	857	3
857	840	3
858	845	7
855	858	9
837	859	11
839	859	20
845	860	6
864	860	5
861	860	1
862	861	7
863	862	15
849	863	30
849	864	7
862	865	1
865	847	20
834	866	4
840	867	25
867	868	3
841	868	2
841	873	7
872	873	5
839	872	20
871	872	15
838	871	4
875	838	11
838	869	8
869	870	2
831	874	1
865	870	10
847	869	5
863	880	2
877	880	6
879	877	1
879	878	9
875	878	5
875	877	4
876	875	10
871	876	9
870	877	1
880	882	7
881	882	10
895	896	5
884	885	1
890	892	2
883	887	1
892	895	12
885	888	3
888	890	4
884	889	5
891	894	1
889	894	22
882	883	2
894	896	8
882	886	3
894	893	1
883	890	3
891	892	5
891	897	9
888	897	3
893	897	3
897	898	6
897	903	100
898	889	9
889	899	3
899	898	5
899	900	1
900	901	3
902	901	5
904	901	3
903	902	7
899	881	30
899	894	40
890	905	2
885	906	9
906	882	3
909	906	3
908	909	1
907	908	2
910	909	4
884	910	1
907	882	1
910	899	3
911	905	5
911	912	8
892	912	3
912	895	3
913	900	7
910	913	9
892	914	11
894	914	20
900	915	6
919	915	5
916	915	1
917	916	7
918	917	15
904	918	30
904	919	7
917	920	1
920	902	20
889	921	4
895	922	25
922	923	3
896	923	2
896	928	7
927	928	5
894	927	20
926	927	15
893	926	4
930	893	11
893	924	8
924	925	2
886	929	1
920	925	10
902	924	5
918	935	2
932	935	6
934	932	1
934	933	9
930	933	5
930	932	4
931	930	10
926	931	9
925	932	1
935	937	7
936	937	10
950	951	5
939	940	1
945	947	2
938	942	1
947	950	12
940	943	3
943	945	4
939	944	5
946	949	1
944	949	22
937	938	2
949	951	8
937	941	3
949	948	1
938	945	3
946	947	5
946	952	9
943	952	3
948	952	3
952	953	6
952	958	100
953	944	9
944	954	3
954	953	5
954	955	1
955	956	3
957	956	5
959	956	3
958	957	7
954	936	30
954	949	40
945	960	2
940	961	9
961	937	3
964	961	3
963	964	1
962	963	2
965	964	4
939	965	1
962	937	1
965	954	3
966	960	5
966	967	8
947	967	3
967	950	3
968	955	7
965	968	9
947	969	11
949	969	20
955	970	6
974	970	5
971	970	1
972	971	7
973	972	15
959	973	30
959	974	7
972	975	1
975	957	20
944	976	4
950	977	25
977	978	3
951	978	2
951	983	7
982	983	5
949	982	20
981	982	15
948	981	4
985	948	11
948	979	8
979	980	2
941	984	1
975	980	10
957	979	5
973	990	2
987	990	6
989	987	1
989	988	9
985	988	5
985	987	4
986	985	10
981	986	9
980	987	1
990	992	7
991	992	10
1005	1006	5
994	995	1
1000	1002	2
993	997	1
1002	1005	12
995	998	3
998	1000	4
994	999	5
1001	1004	1
999	1004	22
992	993	2
1004	1006	8
992	996	3
1004	1003	1
993	1000	3
1001	1002	5
1001	1007	9
998	1007	3
1003	1007	3
1007	1008	6
1007	1013	100
1008	999	9
999	1009	3
1009	1008	5
1009	1010	1
1010	1011	3
1012	1011	5
1014	1011	3
1013	1012	7
1009	991	30
1009	1004	40
1000	1015	2
995	1016	9
1016	992	3
1019	1016	3
1018	1019	1
1017	1018	2
1020	1019	4
994	1020	1
1017	992	1
1020	1009	3
1021	1015	5
1021	1022	8
1002	1022	3
1022	1005	3
1023	1010	7
1020	1023	9
1002	1024	11
1004	1024	20
1010	1025	6
1029	1025	5
1026	1025	1
1027	1026	7
1028	1027	15
1014	1028	30
1014	1029	7
1027	1030	1
1030	1012	20
999	1031	4
1005	1032	25
1032	1033	3
1006	1033	2
1006	1038	7
1037	1038	5
1004	1037	20
1036	1037	15
1003	1036	4
1040	1003	11
1003	1034	8
1034	1035	2
996	1039	1
1030	1035	10
1012	1034	5
1028	1045	2
1042	1045	6
1044	1042	1
1044	1043	9
1040	1043	5
1040	1042	4
1041	1040	10
1036	1041	9
1035	1042	1
1045	1048	7
1048	1049	10
1062	1063	5
1051	1052	1
1057	1059	2
1050	1054	1
1059	1062	12
1052	1055	3
1055	1057	4
1051	1056	5
1058	1061	1
1056	1061	22
1049	1050	2
1061	1063	8
1049	1053	3
1061	1060	1
1050	1057	3
1058	1059	5
1058	1064	9
1055	1064	3
1060	1064	3
1064	1065	6
1064	1070	100
1065	1056	9
1056	1066	3
1066	1065	5
1066	1067	1
1067	1068	3
1069	1068	5
1071	1068	3
1070	1069	7
1066	1048	30
1066	1061	40
1057	1072	2
1052	1073	9
1073	1049	3
1076	1073	3
1075	1076	1
1074	1075	2
1077	1076	4
1051	1077	1
1074	1049	1
1077	1066	3
1078	1072	5
1078	1079	8
1059	1079	3
1079	1062	3
1080	1067	7
1077	1080	9
1059	1081	11
1061	1081	20
1067	1082	6
1086	1082	5
1083	1082	1
1084	1083	7
1085	1084	15
1071	1085	30
1071	1086	7
1084	1087	1
1087	1069	20
1056	1088	4
1062	1089	25
1089	1090	3
1063	1090	2
1063	1095	7
1094	1095	5
1061	1094	20
1093	1094	15
1060	1093	4
1097	1060	11
1060	1091	8
1091	1092	2
1053	1096	1
1087	1092	10
1069	1091	5
1085	1102	2
1099	1102	6
1101	1099	1
1101	1100	9
1097	1100	5
1097	1099	4
1098	1097	10
1093	1098	9
1092	1099	1
1102	1104	7
1103	1104	10
1117	1118	5
1106	1107	1
1112	1114	2
1105	1109	1
1114	1117	12
1107	1110	3
1110	1112	4
1106	1111	5
1113	1116	1
1111	1116	22
1104	1105	2
1116	1118	8
1104	1108	3
1116	1115	1
1105	1112	3
1113	1114	5
1113	1119	9
1110	1119	3
1115	1119	3
1119	1120	6
1119	1125	100
1120	1111	9
1111	1121	3
1121	1120	5
1121	1122	1
1122	1123	3
1124	1123	5
1126	1123	3
1125	1124	7
1121	1103	30
1121	1116	40
1112	1127	2
1107	1128	9
1128	1104	3
1131	1128	3
1130	1131	1
1129	1130	2
1132	1131	4
1106	1132	1
1129	1104	1
1132	1121	3
1133	1127	5
1133	1134	8
1114	1134	3
1134	1117	3
1135	1122	7
1132	1135	9
1114	1136	11
1116	1136	20
1122	1137	6
1141	1137	5
1138	1137	1
1139	1138	7
1140	1139	15
1126	1140	30
1126	1141	7
1139	1142	1
1142	1124	20
1111	1143	4
1117	1144	25
1144	1145	3
1118	1145	2
1118	1150	7
1149	1150	5
1116	1149	20
1148	1149	15
1115	1148	4
1152	1115	11
1115	1146	8
1146	1147	2
1108	1151	1
1142	1147	10
1124	1146	5
1140	1157	2
1154	1157	6
1156	1154	1
1156	1155	9
1152	1155	5
1152	1154	4
1153	1152	10
1148	1153	9
1147	1154	1
1157	1159	7
1158	1159	10
1172	1173	5
1161	1162	1
1167	1169	2
1160	1164	1
1169	1172	12
1162	1165	3
1165	1167	4
1161	1166	5
1168	1171	1
1166	1171	22
1159	1160	2
1171	1173	8
1159	1163	3
1171	1170	1
1160	1167	3
1168	1169	5
1168	1174	9
1165	1174	3
1170	1174	3
1174	1175	6
1174	1180	100
1175	1166	9
1166	1176	3
1176	1175	5
1176	1177	1
1177	1178	3
1179	1178	5
1181	1178	3
1180	1179	7
1176	1158	30
1176	1171	40
1167	1182	2
1162	1183	9
1183	1159	3
1186	1183	3
1185	1186	1
1184	1185	2
1187	1186	4
1161	1187	1
1184	1159	1
1187	1176	3
1188	1182	5
1188	1189	8
1169	1189	3
1189	1172	3
1190	1177	7
1187	1190	9
1169	1191	11
1171	1191	20
1177	1192	6
1196	1192	5
1193	1192	1
1194	1193	7
1195	1194	15
1181	1195	30
1181	1196	7
1194	1197	1
1197	1179	20
1166	1198	4
1172	1199	25
1199	1200	3
1173	1200	2
1173	1205	7
1204	1205	5
1171	1204	20
1203	1204	15
1170	1203	4
1207	1170	11
1170	1201	8
1201	1202	2
1163	1206	1
1197	1202	10
1179	1201	5
1195	1212	2
1209	1212	6
1211	1209	1
1211	1210	9
1207	1210	5
1207	1209	4
1208	1207	10
1203	1208	9
1202	1209	1
1212	1214	7
1213	1214	10
1227	1228	5
1216	1217	1
1222	1224	2
1215	1219	1
1224	1227	12
1217	1220	3
1220	1222	4
1216	1221	5
1223	1226	1
1221	1226	22
1214	1215	2
1226	1228	8
1214	1218	3
1226	1225	1
1215	1222	3
1223	1224	5
1223	1229	9
1220	1229	3
1225	1229	3
1229	1230	6
1229	1235	100
1230	1221	9
1221	1231	3
1231	1230	5
1231	1232	1
1232	1233	3
1234	1233	5
1236	1233	3
1235	1234	7
1231	1213	30
1231	1226	40
1222	1237	2
1217	1238	9
1238	1214	3
1241	1238	3
1240	1241	1
1239	1240	2
1242	1241	4
1216	1242	1
1239	1214	1
1242	1231	3
1243	1237	5
1243	1244	8
1224	1244	3
1244	1227	3
1245	1232	7
1242	1245	9
1224	1246	11
1226	1246	20
1232	1247	6
1251	1247	5
1248	1247	1
1249	1248	7
1250	1249	15
1236	1250	30
1236	1251	7
1249	1252	1
1252	1234	20
1221	1253	4
1227	1254	25
1254	1255	3
1228	1255	2
1228	1260	7
1259	1260	5
1226	1259	20
1258	1259	15
1225	1258	4
1262	1225	11
1225	1256	8
1256	1257	2
1218	1261	1
1252	1257	10
1234	1256	5
1250	1267	2
1264	1267	6
1266	1264	1
1266	1265	9
1262	1265	5
1262	1264	4
1263	1262	10
1258	1263	9
1257	1264	1
1267	1269	7
1268	1269	10
1282	1283	5
1271	1272	1
1277	1279	2
1270	1274	1
1279	1282	12
1272	1275	3
1275	1277	4
1271	1276	5
1278	1281	1
1276	1281	22
1269	1270	2
1281	1283	8
1269	1273	3
1281	1280	1
1270	1277	3
1278	1279	5
1278	1284	9
1275	1284	3
1280	1284	3
1284	1285	6
1284	1290	100
1285	1276	9
1276	1286	3
1286	1285	5
1286	1287	1
1287	1288	3
1289	1288	5
1291	1288	3
1290	1289	7
1286	1268	30
1286	1281	40
1277	1292	2
1272	1293	9
1293	1269	3
1296	1293	3
1295	1296	1
1294	1295	2
1297	1296	4
1271	1297	1
1294	1269	1
1297	1286	3
1298	1292	5
1298	1299	8
1279	1299	3
1299	1282	3
1300	1287	7
1297	1300	9
1279	1301	11
1281	1301	20
1287	1302	6
1306	1302	5
1303	1302	1
1304	1303	7
1305	1304	15
1291	1305	30
1291	1306	7
1304	1307	1
1307	1289	20
1276	1308	4
1282	1309	25
1309	1310	3
1283	1310	2
1283	1315	7
1314	1315	5
1281	1314	20
1313	1314	15
1280	1313	4
1317	1280	11
1280	1311	8
1311	1312	2
1273	1316	1
1307	1312	10
1289	1311	5
1305	1322	2
1319	1322	6
1321	1319	1
1321	1320	9
1317	1320	5
1317	1319	4
1318	1317	10
1313	1318	9
1312	1319	1
1322	1324	7
1323	1324	10
1337	1338	5
1326	1327	1
1332	1334	2
1325	1329	1
1334	1337	12
1327	1330	3
1330	1332	4
1326	1331	5
1333	1336	1
1331	1336	22
1324	1325	2
1336	1338	8
1324	1328	3
1336	1335	1
1325	1332	3
1333	1334	5
1333	1339	9
1330	1339	3
1335	1339	3
1339	1340	6
1339	1345	100
1340	1331	9
1331	1341	3
1341	1340	5
1341	1342	1
1342	1343	3
1344	1343	5
1346	1343	3
1345	1344	7
1341	1323	30
1341	1336	40
1332	1347	2
1327	1348	9
1348	1324	3
1351	1348	3
1350	1351	1
1349	1350	2
1352	1351	4
1326	1352	1
1349	1324	1
1352	1341	3
1353	1347	5
1353	1354	8
1334	1354	3
1354	1337	3
1355	1342	7
1352	1355	9
1334	1356	11
1336	1356	20
1342	1357	6
1361	1357	5
1358	1357	1
1359	1358	7
1360	1359	15
1346	1360	30
1346	1361	7
1359	1362	1
1362	1344	20
1331	1363	4
1337	1364	25
1364	1365	3
1338	1365	2
1338	1370	7
1369	1370	5
1336	1369	20
1368	1369	15
1335	1368	4
1372	1335	11
1335	1366	8
1366	1367	2
1328	1371	1
1362	1367	10
1344	1366	5
1360	1377	2
1374	1377	6
1376	1374	1
1376	1375	9
1372	1375	5
1372	1374	4
1373	1372	10
1368	1373	9
1367	1374	1
1377	1379	7
1378	1379	10
1392	1393	5
1381	1382	1
1387	1389	2
1380	1384	1
1389	1392	12
1382	1385	3
1385	1387	4
1381	1386	5
1388	1391	1
1386	1391	22
1379	1380	2
1391	1393	8
1379	1383	3
1391	1390	1
1380	1387	3
1388	1389	5
1388	1394	9
1385	1394	3
1390	1394	3
1394	1395	6
1394	1400	100
1395	1386	9
1386	1396	3
1396	1395	5
1396	1397	1
1397	1398	3
1399	1398	5
1401	1398	3
1400	1399	7
1396	1378	30
1396	1391	40
1387	1402	2
1382	1403	9
1403	1379	3
1406	1403	3
1405	1406	1
1404	1405	2
1407	1406	4
1381	1407	1
1404	1379	1
1407	1396	3
1408	1402	5
1408	1409	8
1389	1409	3
1409	1392	3
1410	1397	7
1407	1410	9
1389	1411	11
1391	1411	20
1397	1412	6
1416	1412	5
1413	1412	1
1414	1413	7
1415	1414	15
1401	1415	30
1401	1416	7
1414	1417	1
1417	1399	20
1386	1418	4
1392	1419	25
1419	1420	3
1393	1420	2
1393	1425	7
1424	1425	5
1391	1424	20
1423	1424	15
1390	1423	4
1427	1390	11
1390	1421	8
1421	1422	2
1383	1426	1
1417	1422	10
1399	1421	5
1415	1432	2
1429	1432	6
1431	1429	1
1431	1430	9
1427	1430	5
1427	1429	4
1428	1427	10
1423	1428	9
1422	1429	1
1432	1434	7
1433	1434	10
1447	1448	5
1436	1437	1
1442	1444	2
1435	1439	1
1444	1447	12
1437	1440	3
1440	1442	4
1436	1441	5
1443	1446	1
1441	1446	22
1434	1435	2
1446	1448	8
1434	1438	3
1446	1445	1
1435	1442	3
1443	1444	5
1443	1449	9
1440	1449	3
1445	1449	3
1449	1450	6
1449	1455	100
1450	1441	9
1441	1451	3
1451	1450	5
1451	1452	1
1452	1453	3
1454	1453	5
1456	1453	3
1455	1454	7
1451	1433	30
1451	1446	40
1442	1457	2
1437	1458	9
1458	1434	3
1461	1458	3
1460	1461	1
1459	1460	2
1462	1461	4
1436	1462	1
1459	1434	1
1462	1451	3
1463	1457	5
1463	1464	8
1444	1464	3
1464	1447	3
1465	1452	7
1462	1465	9
1444	1466	11
1446	1466	20
1452	1467	6
1471	1467	5
1468	1467	1
1469	1468	7
1470	1469	15
1456	1470	30
1456	1471	7
1469	1472	1
1472	1454	20
1441	1473	4
1447	1474	25
1474	1475	3
1448	1475	2
1448	1480	7
1479	1480	5
1446	1479	20
1478	1479	15
1445	1478	4
1482	1445	11
1445	1476	8
1476	1477	2
1438	1481	1
1472	1477	10
1454	1476	5
1470	1487	2
1484	1487	6
1486	1484	1
1486	1485	9
1482	1485	5
1482	1484	4
1483	1482	10
1478	1483	9
1477	1484	1
1487	1489	7
1488	1489	10
1502	1503	5
1491	1492	1
1497	1499	2
1490	1494	1
1499	1502	12
1492	1495	3
1495	1497	4
1491	1496	5
1498	1501	1
1496	1501	22
1489	1490	2
1501	1503	8
1489	1493	3
1501	1500	1
1490	1497	3
1498	1499	5
1498	1504	9
1495	1504	3
1500	1504	3
1504	1505	6
1504	1510	100
1505	1496	9
1496	1506	3
1506	1505	5
1506	1507	1
1507	1508	3
1509	1508	5
1511	1508	3
1510	1509	7
1506	1488	30
1506	1501	40
1497	1512	2
1492	1513	9
1513	1489	3
1516	1513	3
1515	1516	1
1514	1515	2
1517	1516	4
1491	1517	1
1514	1489	1
1517	1506	3
1518	1512	5
1518	1519	8
1499	1519	3
1519	1502	3
1520	1507	7
1517	1520	9
1499	1521	11
1501	1521	20
1507	1522	6
1526	1522	5
1523	1522	1
1524	1523	7
1525	1524	15
1511	1525	30
1511	1526	7
1524	1527	1
1527	1509	20
1496	1528	4
1502	1529	25
1529	1530	3
1503	1530	2
1503	1535	7
1534	1535	5
1501	1534	20
1533	1534	15
1500	1533	4
1537	1500	11
1500	1531	8
1531	1532	2
1493	1536	1
1527	1532	10
1509	1531	5
1525	1542	2
1539	1542	6
1541	1539	1
1541	1540	9
1537	1540	5
1537	1539	4
1538	1537	10
1533	1538	9
1532	1539	1
1542	1544	7
1543	1544	10
1557	1558	5
1546	1547	1
1552	1554	2
1545	1549	1
1554	1557	12
1547	1550	3
1550	1552	4
1546	1551	5
1553	1556	1
1551	1556	22
1544	1545	2
1556	1558	8
1544	1548	3
1556	1555	1
1545	1552	3
1553	1554	5
1553	1559	9
1550	1559	3
1555	1559	3
1559	1560	6
1559	1565	100
1560	1551	9
1551	1561	3
1561	1560	5
1561	1562	1
1562	1563	3
1564	1563	5
1566	1563	3
1565	1564	7
1561	1543	30
1561	1556	40
1552	1567	2
1547	1568	9
1568	1544	3
1571	1568	3
1570	1571	1
1569	1570	2
1572	1571	4
1546	1572	1
1569	1544	1
1572	1561	3
1573	1567	5
1573	1574	8
1554	1574	3
1574	1557	3
1575	1562	7
1572	1575	9
1554	1576	11
1556	1576	20
1562	1577	6
1581	1577	5
1578	1577	1
1579	1578	7
1580	1579	15
1566	1580	30
1566	1581	7
1579	1582	1
1582	1564	20
1551	1583	4
1557	1584	25
1584	1585	3
1558	1585	2
1558	1590	7
1589	1590	5
1556	1589	20
1588	1589	15
1555	1588	4
1592	1555	11
1555	1586	8
1586	1587	2
1548	1591	1
1582	1587	10
1564	1586	5
1580	1597	2
1594	1597	6
1596	1594	1
1596	1595	9
1592	1595	5
1592	1594	4
1593	1592	10
1588	1593	9
1587	1594	1
1597	1599	7
1598	1599	10
1612	1613	5
1601	1602	1
1607	1609	2
1600	1604	1
1609	1612	12
1602	1605	3
1605	1607	4
1601	1606	5
1608	1611	1
1606	1611	22
1599	1600	2
1611	1613	8
1599	1603	3
1611	1610	1
1600	1607	3
1608	1609	5
1608	1614	9
1605	1614	3
1610	1614	3
1614	1615	6
1614	1620	100
1615	1606	9
1606	1616	3
1616	1615	5
1616	1617	1
1617	1618	3
1619	1618	5
1621	1618	3
1620	1619	7
1616	1598	30
1616	1611	40
1607	1622	2
1602	1623	9
1623	1599	3
1626	1623	3
1625	1626	1
1624	1625	2
1627	1626	4
1601	1627	1
1624	1599	1
1627	1616	3
1628	1622	5
1628	1629	8
1609	1629	3
1629	1612	3
1630	1617	7
1627	1630	9
1609	1631	11
1611	1631	20
1617	1632	6
1636	1632	5
1633	1632	1
1634	1633	7
1635	1634	15
1621	1635	30
1621	1636	7
1634	1637	1
1637	1619	20
1606	1638	4
1612	1639	25
1639	1640	3
1613	1640	2
1613	1645	7
1644	1645	5
1611	1644	20
1643	1644	15
1610	1643	4
1647	1610	11
1610	1641	8
1641	1642	2
1603	1646	1
1637	1642	10
1619	1641	5
1635	1652	2
1649	1652	6
1651	1649	1
1651	1650	9
1647	1650	5
1647	1649	4
1648	1647	10
1643	1648	9
1642	1649	1
1652	1654	7
1653	1654	10
1667	1668	5
1656	1657	1
1662	1664	2
1655	1659	1
1664	1667	12
1657	1660	3
1660	1662	4
1656	1661	5
1663	1666	1
1661	1666	22
1654	1655	2
1666	1668	8
1654	1658	3
1666	1665	1
1655	1662	3
1663	1664	5
1663	1669	9
1660	1669	3
1665	1669	3
1669	1670	6
1669	1675	100
1670	1661	9
1661	1671	3
1671	1670	5
1671	1672	1
1672	1673	3
1674	1673	5
1676	1673	3
1675	1674	7
1671	1653	30
1671	1666	40
1662	1677	2
1657	1678	9
1678	1654	3
1681	1678	3
1680	1681	1
1679	1680	2
1682	1681	4
1656	1682	1
1679	1654	1
1682	1671	3
1683	1677	5
1683	1684	8
1664	1684	3
1684	1667	3
1685	1672	7
1682	1685	9
1664	1686	11
1666	1686	20
1672	1687	6
1691	1687	5
1688	1687	1
1689	1688	7
1690	1689	15
1676	1690	30
1676	1691	7
1689	1692	1
1692	1674	20
1661	1693	4
1667	1694	25
1694	1695	3
1668	1695	2
1668	1700	7
1699	1700	5
1666	1699	20
1698	1699	15
1665	1698	4
1702	1665	11
1665	1696	8
1696	1697	2
1658	1701	1
1692	1697	10
1674	1696	5
1690	1707	2
1704	1707	6
1706	1704	1
1706	1705	9
1702	1705	5
1702	1704	4
1703	1702	10
1698	1703	9
1697	1704	1
1707	1709	7
1708	1709	10
1722	1723	5
1711	1712	1
1717	1719	2
1710	1714	1
1719	1722	12
1712	1715	3
1715	1717	4
1711	1716	5
1718	1721	1
1716	1721	22
1709	1710	2
1721	1723	8
1709	1713	3
1721	1720	1
1710	1717	3
1718	1719	5
1718	1724	9
1715	1724	3
1720	1724	3
1724	1725	6
1724	1730	100
1725	1716	9
1716	1726	3
1726	1725	5
1726	1727	1
1727	1728	3
1729	1728	5
1731	1728	3
1730	1729	7
1726	1708	30
1726	1721	40
1717	1732	2
1712	1733	9
1733	1709	3
1736	1733	3
1735	1736	1
1734	1735	2
1737	1736	4
1711	1737	1
1734	1709	1
1737	1726	3
1738	1732	5
1738	1739	8
1719	1739	3
1739	1722	3
1740	1727	7
1737	1740	9
1719	1741	11
1721	1741	20
1727	1742	6
1746	1742	5
1743	1742	1
1744	1743	7
1745	1744	15
1731	1745	30
1731	1746	7
1744	1747	1
1747	1729	20
1716	1748	4
1722	1749	25
1749	1750	3
1723	1750	2
1723	1755	7
1754	1755	5
1721	1754	20
1753	1754	15
1720	1753	4
1757	1720	11
1720	1751	8
1751	1752	2
1713	1756	1
1747	1752	10
1729	1751	5
1745	1762	2
1759	1762	6
1761	1759	1
1761	1760	9
1757	1760	5
1757	1759	4
1758	1757	10
1753	1758	9
1752	1759	1
1762	1764	7
1763	1764	10
1777	1778	5
1766	1767	1
1772	1774	2
1765	1769	1
1774	1777	12
1767	1770	3
1770	1772	4
1766	1771	5
1773	1776	1
1771	1776	22
1764	1765	2
1776	1778	8
1764	1768	3
1776	1775	1
1765	1772	3
1773	1774	5
1773	1779	9
1770	1779	3
1775	1779	3
1779	1780	6
1779	1785	100
1780	1771	9
1771	1781	3
1781	1780	5
1781	1782	1
1782	1783	3
1784	1783	5
1786	1783	3
1785	1784	7
1781	1763	30
1781	1776	40
1772	1787	2
1767	1788	9
1788	1764	3
1791	1788	3
1790	1791	1
1789	1790	2
1792	1791	4
1766	1792	1
1789	1764	1
1792	1781	3
1793	1787	5
1793	1794	8
1774	1794	3
1794	1777	3
1795	1782	7
1792	1795	9
1774	1796	11
1776	1796	20
1782	1797	6
1801	1797	5
1798	1797	1
1799	1798	7
1800	1799	15
1786	1800	30
1786	1801	7
1799	1802	1
1802	1784	20
1771	1803	4
1777	1804	25
1804	1805	3
1778	1805	2
1778	1810	7
1809	1810	5
1776	1809	20
1808	1809	15
1775	1808	4
1812	1775	11
1775	1806	8
1806	1807	2
1768	1811	1
1802	1807	10
1784	1806	5
1800	1817	2
1814	1817	6
1816	1814	1
1816	1815	9
1812	1815	5
1812	1814	4
1813	1812	10
1808	1813	9
1807	1814	1
1817	1819	7
1818	1819	10
1832	1833	5
1821	1822	1
1827	1829	2
1820	1824	1
1829	1832	12
1822	1825	3
1825	1827	4
1821	1826	5
1828	1831	1
1826	1831	22
1819	1820	2
1831	1833	8
1819	1823	3
1831	1830	1
1820	1827	3
1828	1829	5
1828	1834	9
1825	1834	3
1830	1834	3
1834	1835	6
1834	1840	100
1835	1826	9
1826	1836	3
1836	1835	5
1836	1837	1
1837	1838	3
1839	1838	5
1841	1838	3
1840	1839	7
1836	1818	30
1836	1831	40
1827	1842	2
1822	1843	9
1843	1819	3
1846	1843	3
1845	1846	1
1844	1845	2
1847	1846	4
1821	1847	1
1844	1819	1
1847	1836	3
1848	1842	5
1848	1849	8
1829	1849	3
1849	1832	3
1850	1837	7
1847	1850	9
1829	1851	11
1831	1851	20
1837	1852	6
1856	1852	5
1853	1852	1
1854	1853	7
1855	1854	15
1841	1855	30
1841	1856	7
1854	1857	1
1857	1839	20
1826	1858	4
1832	1859	25
1859	1860	3
1833	1860	2
1833	1865	7
1864	1865	5
1831	1864	20
1863	1864	15
1830	1863	4
1867	1830	11
1830	1861	8
1861	1862	2
1823	1866	1
1857	1862	10
1839	1861	5
1855	1872	2
1869	1872	6
1871	1869	1
1871	1870	9
1867	1870	5
1867	1869	4
1868	1867	10
1863	1868	9
1862	1869	1
1872	1874	7
1873	1874	10
1887	1888	5
1876	1877	1
1882	1884	2
1875	1879	1
1884	1887	12
1877	1880	3
1880	1882	4
1876	1881	5
1883	1886	1
1881	1886	22
1874	1875	2
1886	1888	8
1874	1878	3
1886	1885	1
1875	1882	3
1883	1884	5
1883	1889	9
1880	1889	3
1885	1889	3
1889	1890	6
1889	1895	100
1890	1881	9
1881	1891	3
1891	1890	5
1891	1892	1
1892	1893	3
1894	1893	5
1896	1893	3
1895	1894	7
1891	1873	30
1891	1886	40
1882	1897	2
1877	1898	9
1898	1874	3
1901	1898	3
1900	1901	1
1899	1900	2
1902	1901	4
1876	1902	1
1899	1874	1
1902	1891	3
1903	1897	5
1903	1904	8
1884	1904	3
1904	1887	3
1905	1892	7
1902	1905	9
1884	1906	11
1886	1906	20
1892	1907	6
1911	1907	5
1908	1907	1
1909	1908	7
1910	1909	15
1896	1910	30
1896	1911	7
1909	1912	1
1912	1894	20
1881	1913	4
1887	1914	25
1914	1915	3
1888	1915	2
1888	1920	7
1919	1920	5
1886	1919	20
1918	1919	15
1885	1918	4
1922	1885	11
1885	1916	8
1916	1917	2
1878	1921	1
1912	1917	10
1894	1916	5
1910	1927	2
1924	1927	6
1926	1924	1
1926	1925	9
1922	1925	5
1922	1924	4
1923	1922	10
1918	1923	9
1917	1924	1
1927	1929	7
1928	1929	10
1942	1943	5
1931	1932	1
1937	1939	2
1930	1934	1
1939	1942	12
1932	1935	3
1935	1937	4
1931	1936	5
1938	1941	1
1936	1941	22
1929	1930	2
1941	1943	8
1929	1933	3
1941	1940	1
1930	1937	3
1938	1939	5
1938	1944	9
1935	1944	3
1940	1944	3
1944	1945	6
1944	1950	100
1945	1936	9
1936	1946	3
1946	1945	5
1946	1947	1
1947	1948	3
1949	1948	5
1951	1948	3
1950	1949	7
1946	1928	30
1946	1941	40
1937	1952	2
1932	1953	9
1953	1929	3
1956	1953	3
1955	1956	1
1954	1955	2
1957	1956	4
1931	1957	1
1954	1929	1
1957	1946	3
1958	1952	5
1958	1959	8
1939	1959	3
1959	1942	3
1960	1947	7
1957	1960	9
1939	1961	11
1941	1961	20
1947	1962	6
1966	1962	5
1963	1962	1
1964	1963	7
1965	1964	15
1951	1965	30
1951	1966	7
1964	1967	1
1967	1949	20
1936	1968	4
1942	1969	25
1969	1970	3
1943	1970	2
1943	1975	7
1974	1975	5
1941	1974	20
1973	1974	15
1940	1973	4
1977	1940	11
1940	1971	8
1971	1972	2
1933	1976	1
1967	1972	10
1949	1971	5
1965	1982	2
1979	1982	6
1981	1979	1
1981	1980	9
1977	1980	5
1977	1979	4
1978	1977	10
1973	1978	9
1972	1979	1
1982	1984	7
1983	1984	10
1997	1998	5
1986	1987	1
1992	1994	2
1985	1989	1
1994	1997	12
1987	1990	3
1990	1992	4
1986	1991	5
1993	1996	1
1991	1996	22
1984	1985	2
1996	1998	8
1984	1988	3
1996	1995	1
1985	1992	3
1993	1994	5
1993	1999	9
1990	1999	3
1995	1999	3
1999	2000	6
1999	2005	100
2000	1991	9
1991	2001	3
2001	2000	5
2001	2002	1
2002	2003	3
2004	2003	5
2006	2003	3
2005	2004	7
2001	1983	30
2001	1996	40
1992	2007	2
1987	2008	9
2008	1984	3
2011	2008	3
2010	2011	1
2009	2010	2
2012	2011	4
1986	2012	1
2009	1984	1
2012	2001	3
2013	2007	5
2013	2014	8
1994	2014	3
2014	1997	3
2015	2002	7
2012	2015	9
1994	2016	11
1996	2016	20
2002	2017	6
2021	2017	5
2018	2017	1
2019	2018	7
2020	2019	15
2006	2020	30
2006	2021	7
2019	2022	1
2022	2004	20
1991	2023	4
1997	2024	25
2024	2025	3
1998	2025	2
1998	2030	7
2029	2030	5
1996	2029	20
2028	2029	15
1995	2028	4
2032	1995	11
1995	2026	8
2026	2027	2
1988	2031	1
2022	2027	10
2004	2026	5
2020	2037	2
2034	2037	6
2036	2034	1
2036	2035	9
2032	2035	5
2032	2034	4
2033	2032	10
2028	2033	9
2027	2034	1
2037	2039	7
2038	2039	10
2052	2053	5
2041	2042	1
2047	2049	2
2040	2044	1
2049	2052	12
2042	2045	3
2045	2047	4
2041	2046	5
2048	2051	1
2046	2051	22
2039	2040	2
2051	2053	8
2039	2043	3
2051	2050	1
2040	2047	3
2048	2049	5
2048	2054	9
2045	2054	3
2050	2054	3
2054	2055	6
2054	2060	100
2055	2046	9
2046	2056	3
2056	2055	5
2056	2057	1
2057	2058	3
2059	2058	5
2061	2058	3
2060	2059	7
2056	2038	30
2056	2051	40
2047	2062	2
2042	2063	9
2063	2039	3
2066	2063	3
2065	2066	1
2064	2065	2
2067	2066	4
2041	2067	1
2064	2039	1
2067	2056	3
2068	2062	5
2068	2069	8
2049	2069	3
2069	2052	3
2070	2057	7
2067	2070	9
2049	2071	11
2051	2071	20
2057	2072	6
2076	2072	5
2073	2072	1
2074	2073	7
2075	2074	15
2061	2075	30
2061	2076	7
2074	2077	1
2077	2059	20
2046	2078	4
2052	2079	25
2079	2080	3
2053	2080	2
2053	2085	7
2084	2085	5
2051	2084	20
2083	2084	15
2050	2083	4
2087	2050	11
2050	2081	8
2081	2082	2
2043	2086	1
2077	2082	10
2059	2081	5
2075	2092	2
2089	2092	6
2091	2089	1
2091	2090	9
2087	2090	5
2087	2089	4
2088	2087	10
2083	2088	9
2082	2089	1
2092	2095	7
2095	2096	10
2109	2110	5
2098	2099	1
2104	2106	2
2097	2101	1
2106	2109	12
2099	2102	3
2102	2104	4
2098	2103	5
2105	2108	1
2103	2108	22
2096	2097	2
2108	2110	8
2096	2100	3
2108	2107	1
2097	2104	3
2105	2106	5
2105	2111	9
2102	2111	3
2107	2111	3
2111	2112	6
2111	2117	100
2112	2103	9
2103	2113	3
2113	2112	5
2113	2114	1
2114	2115	3
2116	2115	5
2118	2115	3
2117	2116	7
2113	2095	30
2113	2108	40
2104	2119	2
2099	2120	9
2120	2096	3
2123	2120	3
2122	2123	1
2121	2122	2
2124	2123	4
2098	2124	1
2121	2096	1
2124	2113	3
2125	2119	5
2125	2126	8
2106	2126	3
2126	2109	3
2127	2114	7
2124	2127	9
2106	2128	11
2108	2128	20
2114	2129	6
2133	2129	5
2130	2129	1
2131	2130	7
2132	2131	15
2118	2132	30
2118	2133	7
2131	2134	1
2134	2116	20
2103	2135	4
2109	2136	25
2136	2137	3
2110	2137	2
2110	2142	7
2141	2142	5
2108	2141	20
2140	2141	15
2107	2140	4
2144	2107	11
2107	2138	8
2138	2139	2
2100	2143	1
2134	2139	10
2116	2138	5
2132	2149	2
2146	2149	6
2148	2146	1
2148	2147	9
2144	2147	5
2144	2146	4
2145	2144	10
2140	2145	9
2139	2146	1
2149	2151	7
2150	2151	10
2164	2165	5
2153	2154	1
2159	2161	2
2152	2156	1
2161	2164	12
2154	2157	3
2157	2159	4
2153	2158	5
2160	2163	1
2158	2163	22
2151	2152	2
2163	2165	8
2151	2155	3
2163	2162	1
2152	2159	3
2160	2161	5
2160	2166	9
2157	2166	3
2162	2166	3
2166	2167	6
2166	2172	100
2167	2158	9
2158	2168	3
2168	2167	5
2168	2169	1
2169	2170	3
2171	2170	5
2173	2170	3
2172	2171	7
2168	2150	30
2168	2163	40
2159	2174	2
2154	2175	9
2175	2151	3
2178	2175	3
2177	2178	1
2176	2177	2
2179	2178	4
2153	2179	1
2176	2151	1
2179	2168	3
2180	2174	5
2180	2181	8
2161	2181	3
2181	2164	3
2182	2169	7
2179	2182	9
2161	2183	11
2163	2183	20
2169	2184	6
2188	2184	5
2185	2184	1
2186	2185	7
2187	2186	15
2173	2187	30
2173	2188	7
2186	2189	1
2189	2171	20
2158	2190	4
2164	2191	25
2191	2192	3
2165	2192	2
2165	2197	7
2196	2197	5
2163	2196	20
2195	2196	15
2162	2195	4
2199	2162	11
2162	2193	8
2193	2194	2
2155	2198	1
2189	2194	10
2171	2193	5
2187	2204	2
2201	2204	6
2203	2201	1
2203	2202	9
2199	2202	5
2199	2201	4
2200	2199	10
2195	2200	9
2194	2201	1
2204	2206	7
2205	2206	10
2219	2220	5
2208	2209	1
2214	2216	2
2207	2211	1
2216	2219	12
2209	2212	3
2212	2214	4
2208	2213	5
2215	2218	1
2213	2218	22
2206	2207	2
2218	2220	8
2206	2210	3
2218	2217	1
2207	2214	3
2215	2216	5
2215	2221	9
2212	2221	3
2217	2221	3
2221	2222	6
2221	2227	100
2222	2213	9
2213	2223	3
2223	2222	5
2223	2224	1
2224	2225	3
2226	2225	5
2228	2225	3
2227	2226	7
2223	2205	30
2223	2218	40
2214	2229	2
2209	2230	9
2230	2206	3
2233	2230	3
2232	2233	1
2231	2232	2
2234	2233	4
2208	2234	1
2231	2206	1
2234	2223	3
2235	2229	5
2235	2236	8
2216	2236	3
2236	2219	3
2237	2224	7
2234	2237	9
2216	2238	11
2218	2238	20
2224	2239	6
2243	2239	5
2240	2239	1
2241	2240	7
2242	2241	15
2228	2242	30
2228	2243	7
2241	2244	1
2244	2226	20
2213	2245	4
2219	2246	25
2246	2247	3
2220	2247	2
2220	2252	7
2251	2252	5
2218	2251	20
2250	2251	15
2217	2250	4
2254	2217	11
2217	2248	8
2248	2249	2
2210	2253	1
2244	2249	10
2226	2248	5
2242	2259	2
2256	2259	6
2258	2256	1
2258	2257	9
2254	2257	5
2254	2256	4
2255	2254	10
2250	2255	9
2249	2256	1
2259	2261	7
2260	2261	10
2274	2275	5
2263	2264	1
2269	2271	2
2262	2266	1
2271	2274	12
2264	2267	3
2267	2269	4
2263	2268	5
2270	2273	1
2268	2273	22
2261	2262	2
2273	2275	8
2261	2265	3
2273	2272	1
2262	2269	3
2270	2271	5
2270	2276	9
2267	2276	3
2272	2276	3
2276	2277	6
2276	2282	100
2277	2268	9
2268	2278	3
2278	2277	5
2278	2279	1
2279	2280	3
2281	2280	5
2283	2280	3
2282	2281	7
2278	2260	30
2278	2273	40
2269	2284	2
2264	2285	9
2285	2261	3
2288	2285	3
2287	2288	1
2286	2287	2
2289	2288	4
2263	2289	1
2286	2261	1
2289	2278	3
2290	2284	5
2290	2291	8
2271	2291	3
2291	2274	3
2292	2279	7
2289	2292	9
2271	2293	11
2273	2293	20
2279	2294	6
2298	2294	5
2295	2294	1
2296	2295	7
2297	2296	15
2283	2297	30
2283	2298	7
2296	2299	1
2299	2281	20
2268	2300	4
2274	2301	25
2301	2302	3
2275	2302	2
2275	2307	7
2306	2307	5
2273	2306	20
2305	2306	15
2272	2305	4
2309	2272	11
2272	2303	8
2303	2304	2
2265	2308	1
2299	2304	10
2281	2303	5
2297	2314	2
2311	2314	6
2313	2311	1
2313	2312	9
2309	2312	5
2309	2311	4
2310	2309	10
2305	2310	9
2304	2311	1
2314	2316	7
2315	2316	10
2329	2330	5
2318	2319	1
2324	2326	2
2317	2321	1
2326	2329	12
2319	2322	3
2322	2324	4
2318	2323	5
2325	2328	1
2323	2328	22
2316	2317	2
2328	2330	8
2316	2320	3
2328	2327	1
2317	2324	3
2325	2326	5
2325	2331	9
2322	2331	3
2327	2331	3
2331	2332	6
2331	2337	100
2332	2323	9
2323	2333	3
2333	2332	5
2333	2334	1
2334	2335	3
2336	2335	5
2338	2335	3
2337	2336	7
2333	2315	30
2333	2328	40
2324	2339	2
2319	2340	9
2340	2316	3
2343	2340	3
2342	2343	1
2341	2342	2
2344	2343	4
2318	2344	1
2341	2316	1
2344	2333	3
2345	2339	5
2345	2346	8
2326	2346	3
2346	2329	3
2347	2334	7
2344	2347	9
2326	2348	11
2328	2348	20
2334	2349	6
2353	2349	5
2350	2349	1
2351	2350	7
2352	2351	15
2338	2352	30
2338	2353	7
2351	2354	1
2354	2336	20
2323	2355	4
2329	2356	25
2356	2357	3
2330	2357	2
2330	2362	7
2361	2362	5
2328	2361	20
2360	2361	15
2327	2360	4
2364	2327	11
2327	2358	8
2358	2359	2
2320	2363	1
2354	2359	10
2336	2358	5
2352	2369	2
2366	2369	6
2368	2366	1
2368	2367	9
2364	2367	5
2364	2366	4
2365	2364	10
2360	2365	9
2359	2366	1
2369	2371	7
2370	2371	10
2384	2385	5
2373	2374	1
2379	2381	2
2372	2376	1
2381	2384	12
2374	2377	3
2377	2379	4
2373	2378	5
2380	2383	1
2378	2383	22
2371	2372	2
2383	2385	8
2371	2375	3
2383	2382	1
2372	2379	3
2380	2381	5
2380	2386	9
2377	2386	3
2382	2386	3
2386	2387	6
2386	2392	100
2387	2378	9
2378	2388	3
2388	2387	5
2388	2389	1
2389	2390	3
2391	2390	5
2393	2390	3
2392	2391	7
2388	2370	30
2388	2383	40
2379	2394	2
2374	2395	9
2395	2371	3
2398	2395	3
2397	2398	1
2396	2397	2
2399	2398	4
2373	2399	1
2396	2371	1
2399	2388	3
2400	2394	5
2400	2401	8
2381	2401	3
2401	2384	3
2402	2389	7
2399	2402	9
2381	2403	11
2383	2403	20
2389	2404	6
2408	2404	5
2405	2404	1
2406	2405	7
2407	2406	15
2393	2407	30
2393	2408	7
2406	2409	1
2409	2391	20
2378	2410	4
2384	2411	25
2411	2412	3
2385	2412	2
2385	2417	7
2416	2417	5
2383	2416	20
2415	2416	15
2382	2415	4
2419	2382	11
2382	2413	8
2413	2414	2
2375	2418	1
2409	2414	10
2391	2413	5
2407	2424	2
2421	2424	6
2423	2421	1
2423	2422	9
2419	2422	5
2419	2421	4
2420	2419	10
2415	2420	9
2414	2421	1
2424	2426	7
2425	2426	10
2439	2440	5
2428	2429	1
2434	2436	2
2427	2431	1
2436	2439	12
2429	2432	3
2432	2434	4
2428	2433	5
2435	2438	1
2433	2438	22
2426	2427	2
2438	2440	8
2426	2430	3
2438	2437	1
2427	2434	3
2435	2436	5
2435	2441	9
2432	2441	3
2437	2441	3
2441	2442	6
2441	2447	100
2442	2433	9
2433	2443	3
2443	2442	5
2443	2444	1
2444	2445	3
2446	2445	5
2448	2445	3
2447	2446	7
2443	2425	30
2443	2438	40
2434	2449	2
2429	2450	9
2450	2426	3
2453	2450	3
2452	2453	1
2451	2452	2
2454	2453	4
2428	2454	1
2451	2426	1
2454	2443	3
2455	2449	5
2455	2456	8
2436	2456	3
2456	2439	3
2457	2444	7
2454	2457	9
2436	2458	11
2438	2458	20
2444	2459	6
2463	2459	5
2460	2459	1
2461	2460	7
2462	2461	15
2448	2462	30
2448	2463	7
2461	2464	1
2464	2446	20
2433	2465	4
2439	2466	25
2466	2467	3
2440	2467	2
2440	2472	7
2471	2472	5
2438	2471	20
2470	2471	15
2437	2470	4
2474	2437	11
2437	2468	8
2468	2469	2
2430	2473	1
2464	2469	10
2446	2468	5
2462	2479	2
2476	2479	6
2478	2476	1
2478	2477	9
2474	2477	5
2474	2476	4
2475	2474	10
2470	2475	9
2469	2476	1
2479	2481	7
2480	2481	10
2494	2495	5
2483	2484	1
2489	2491	2
2482	2486	1
2491	2494	12
2484	2487	3
2487	2489	4
2483	2488	5
2490	2493	1
2488	2493	22
2481	2482	2
2493	2495	8
2481	2485	3
2493	2492	1
2482	2489	3
2490	2491	5
2490	2496	9
2487	2496	3
2492	2496	3
2496	2497	6
2496	2502	100
2497	2488	9
2488	2498	3
2498	2497	5
2498	2499	1
2499	2500	3
2501	2500	5
2503	2500	3
2502	2501	7
2498	2480	30
2498	2493	40
2489	2504	2
2484	2505	9
2505	2481	3
2508	2505	3
2507	2508	1
2506	2507	2
2509	2508	4
2483	2509	1
2506	2481	1
2509	2498	3
2510	2504	5
2510	2511	8
2491	2511	3
2511	2494	3
2512	2499	7
2509	2512	9
2491	2513	11
2493	2513	20
2499	2514	6
2518	2514	5
2515	2514	1
2516	2515	7
2517	2516	15
2503	2517	30
2503	2518	7
2516	2519	1
2519	2501	20
2488	2520	4
2494	2521	25
2521	2522	3
2495	2522	2
2495	2527	7
2526	2527	5
2493	2526	20
2525	2526	15
2492	2525	4
2529	2492	11
2492	2523	8
2523	2524	2
2485	2528	1
2519	2524	10
2501	2523	5
2517	2534	2
2531	2534	6
2533	2531	1
2533	2532	9
2529	2532	5
2529	2531	4
2530	2529	10
2525	2530	9
2524	2531	1
2534	2536	7
2535	2536	10
2549	2550	5
2538	2539	1
2544	2546	2
2537	2541	1
2546	2549	12
2539	2542	3
2542	2544	4
2538	2543	5
2545	2548	1
2543	2548	22
2536	2537	2
2548	2550	8
2536	2540	3
2548	2547	1
2537	2544	3
2545	2546	5
2545	2551	9
2542	2551	3
2547	2551	3
2551	2552	6
2551	2557	100
2552	2543	9
2543	2553	3
2553	2552	5
2553	2554	1
2554	2555	3
2556	2555	5
2558	2555	3
2557	2556	7
2553	2535	30
2553	2548	40
2544	2559	2
2539	2560	9
2560	2536	3
2563	2560	3
2562	2563	1
2561	2562	2
2564	2563	4
2538	2564	1
2561	2536	1
2564	2553	3
2565	2559	5
2565	2566	8
2546	2566	3
2566	2549	3
2567	2554	7
2564	2567	9
2546	2568	11
2548	2568	20
2554	2569	6
2573	2569	5
2570	2569	1
2571	2570	7
2572	2571	15
2558	2572	30
2558	2573	7
2571	2574	1
2574	2556	20
2543	2575	4
2549	2576	25
2576	2577	3
2550	2577	2
2550	2582	7
2581	2582	5
2548	2581	20
2580	2581	15
2547	2580	4
2584	2547	11
2547	2578	8
2578	2579	2
2540	2583	1
2574	2579	10
2556	2578	5
2572	2589	2
2586	2589	6
2588	2586	1
2588	2587	9
2584	2587	5
2584	2586	4
2585	2584	10
2580	2585	9
2579	2586	1
2589	2591	7
2590	2591	10
2604	2605	5
2593	2594	1
2599	2601	2
2592	2596	1
2601	2604	12
2594	2597	3
2597	2599	4
2593	2598	5
2600	2603	1
2598	2603	22
2591	2592	2
2603	2605	8
2591	2595	3
2603	2602	1
2592	2599	3
2600	2601	5
2600	2606	9
2597	2606	3
2602	2606	3
2606	2607	6
2606	2612	100
2607	2598	9
2598	2608	3
2608	2607	5
2608	2609	1
2609	2610	3
2611	2610	5
2613	2610	3
2612	2611	7
2608	2590	30
2608	2603	40
2599	2614	2
2594	2615	9
2615	2591	3
2618	2615	3
2617	2618	1
2616	2617	2
2619	2618	4
2593	2619	1
2616	2591	1
2619	2608	3
2620	2614	5
2620	2621	8
2601	2621	3
2621	2604	3
2622	2609	7
2619	2622	9
2601	2623	11
2603	2623	20
2609	2624	6
2628	2624	5
2625	2624	1
2626	2625	7
2627	2626	15
2613	2627	30
2613	2628	7
2626	2629	1
2629	2611	20
2598	2630	4
2604	2631	25
2631	2632	3
2605	2632	2
2605	2637	7
2636	2637	5
2603	2636	20
2635	2636	15
2602	2635	4
2639	2602	11
2602	2633	8
2633	2634	2
2595	2638	1
2629	2634	10
2611	2633	5
2627	2644	2
2641	2644	6
2643	2641	1
2643	2642	9
2639	2642	5
2639	2641	4
2640	2639	10
2635	2640	9
2634	2641	1
2644	2646	7
2645	2646	10
2659	2660	5
2648	2649	1
2654	2656	2
2647	2651	1
2656	2659	12
2649	2652	3
2652	2654	4
2648	2653	5
2655	2658	1
2653	2658	22
2646	2647	2
2658	2660	8
2646	2650	3
2658	2657	1
2647	2654	3
2655	2656	5
2655	2661	9
2652	2661	3
2657	2661	3
2661	2662	6
2661	2667	100
2662	2653	9
2653	2663	3
2663	2662	5
2663	2664	1
2664	2665	3
2666	2665	5
2668	2665	3
2667	2666	7
2663	2645	30
2663	2658	40
2654	2669	2
2649	2670	9
2670	2646	3
2673	2670	3
2672	2673	1
2671	2672	2
2674	2673	4
2648	2674	1
2671	2646	1
2674	2663	3
2675	2669	5
2675	2676	8
2656	2676	3
2676	2659	3
2677	2664	7
2674	2677	9
2656	2678	11
2658	2678	20
2664	2679	6
2683	2679	5
2680	2679	1
2681	2680	7
2682	2681	15
2668	2682	30
2668	2683	7
2681	2684	1
2684	2666	20
2653	2685	4
2659	2686	25
2686	2687	3
2660	2687	2
2660	2692	7
2691	2692	5
2658	2691	20
2690	2691	15
2657	2690	4
2694	2657	11
2657	2688	8
2688	2689	2
2650	2693	1
2684	2689	10
2666	2688	5
2682	2699	2
2696	2699	6
2698	2696	1
2698	2697	9
2694	2697	5
2694	2696	4
2695	2694	10
2690	2695	9
2689	2696	1
2699	2701	7
2700	2701	10
2714	2715	5
2703	2704	1
2709	2711	2
2702	2706	1
2711	2714	12
2704	2707	3
2707	2709	4
2703	2708	5
2710	2713	1
2708	2713	22
2701	2702	2
2713	2715	8
2701	2705	3
2713	2712	1
2702	2709	3
2710	2711	5
2710	2716	9
2707	2716	3
2712	2716	3
2716	2717	6
2716	2722	100
2717	2708	9
2708	2718	3
2718	2717	5
2718	2719	1
2719	2720	3
2721	2720	5
2723	2720	3
2722	2721	7
2718	2700	30
2718	2713	40
2709	2724	2
2704	2725	9
2725	2701	3
2728	2725	3
2727	2728	1
2726	2727	2
2729	2728	4
2703	2729	1
2726	2701	1
2729	2718	3
2730	2724	5
2730	2731	8
2711	2731	3
2731	2714	3
2732	2719	7
2729	2732	9
2711	2733	11
2713	2733	20
2719	2734	6
2738	2734	5
2735	2734	1
2736	2735	7
2737	2736	15
2723	2737	30
2723	2738	7
2736	2739	1
2739	2721	20
2708	2740	4
2714	2741	25
2741	2742	3
2715	2742	2
2715	2747	7
2746	2747	5
2713	2746	20
2745	2746	15
2712	2745	4
2749	2712	11
2712	2743	8
2743	2744	2
2705	2748	1
2739	2744	10
2721	2743	5
2737	2754	2
2751	2754	6
2753	2751	1
2753	2752	9
2749	2752	5
2749	2751	4
2750	2749	10
2745	2750	9
2744	2751	1
2754	2756	7
2755	2756	10
2769	2770	5
2758	2759	1
2764	2766	2
2757	2761	1
2766	2769	12
2759	2762	3
2762	2764	4
2758	2763	5
2765	2768	1
2763	2768	22
2756	2757	2
2768	2770	8
2756	2760	3
2768	2767	1
2757	2764	3
2765	2766	5
2765	2771	9
2762	2771	3
2767	2771	3
2771	2772	6
2771	2777	100
2772	2763	9
2763	2773	3
2773	2772	5
2773	2774	1
2774	2775	3
2776	2775	5
2778	2775	3
2777	2776	7
2773	2755	30
2773	2768	40
2764	2779	2
2759	2780	9
2780	2756	3
2783	2780	3
2782	2783	1
2781	2782	2
2784	2783	4
2758	2784	1
2781	2756	1
2784	2773	3
2785	2779	5
2785	2786	8
2766	2786	3
2786	2769	3
2787	2774	7
2784	2787	9
2766	2788	11
2768	2788	20
2774	2789	6
2793	2789	5
2790	2789	1
2791	2790	7
2792	2791	15
2778	2792	30
2778	2793	7
2791	2794	1
2794	2776	20
2763	2795	4
2769	2796	25
2796	2797	3
2770	2797	2
2770	2802	7
2801	2802	5
2768	2801	20
2800	2801	15
2767	2800	4
2804	2767	11
2767	2798	8
2798	2799	2
2760	2803	1
2794	2799	10
2776	2798	5
2792	2809	2
2806	2809	6
2808	2806	1
2808	2807	9
2804	2807	5
2804	2806	4
2805	2804	10
2800	2805	9
2799	2806	1
2809	2811	7
2810	2811	10
2824	2825	5
2813	2814	1
2819	2821	2
2812	2816	1
2821	2824	12
2814	2817	3
2817	2819	4
2813	2818	5
2820	2823	1
2818	2823	22
2811	2812	2
2823	2825	8
2811	2815	3
2823	2822	1
2812	2819	3
2820	2821	5
2820	2826	9
2817	2826	3
2822	2826	3
2826	2827	6
2826	2832	100
2827	2818	9
2818	2828	3
2828	2827	5
2828	2829	1
2829	2830	3
2831	2830	5
2833	2830	3
2832	2831	7
2828	2810	30
2828	2823	40
2819	2834	2
2814	2835	9
2835	2811	3
2838	2835	3
2837	2838	1
2836	2837	2
2839	2838	4
2813	2839	1
2836	2811	1
2839	2828	3
2840	2834	5
2840	2841	8
2821	2841	3
2841	2824	3
2842	2829	7
2839	2842	9
2821	2843	11
2823	2843	20
2829	2844	6
2848	2844	5
2845	2844	1
2846	2845	7
2847	2846	15
2833	2847	30
2833	2848	7
2846	2849	1
2849	2831	20
2818	2850	4
2824	2851	25
2851	2852	3
2825	2852	2
2825	2857	7
2856	2857	5
2823	2856	20
2855	2856	15
2822	2855	4
2859	2822	11
2822	2853	8
2853	2854	2
2815	2858	1
2849	2854	10
2831	2853	5
2847	2864	2
2861	2864	6
2863	2861	1
2863	2862	9
2859	2862	5
2859	2861	4
2860	2859	10
2855	2860	9
2854	2861	1
2864	2866	7
2865	2866	10
2879	2880	5
2868	2869	1
2874	2876	2
2867	2871	1
2876	2879	12
2869	2872	3
2872	2874	4
2868	2873	5
2875	2878	1
2873	2878	22
2866	2867	2
2878	2880	8
2866	2870	3
2878	2877	1
2867	2874	3
2875	2876	5
2875	2881	9
2872	2881	3
2877	2881	3
2881	2882	6
2881	2887	100
2882	2873	9
2873	2883	3
2883	2882	5
2883	2884	1
2884	2885	3
2886	2885	5
2888	2885	3
2887	2886	7
2883	2865	30
2883	2878	40
2874	2889	2
2869	2890	9
2890	2866	3
2893	2890	3
2892	2893	1
2891	2892	2
2894	2893	4
2868	2894	1
2891	2866	1
2894	2883	3
2895	2889	5
2895	2896	8
2876	2896	3
2896	2879	3
2897	2884	7
2894	2897	9
2876	2898	11
2878	2898	20
2884	2899	6
2903	2899	5
2900	2899	1
2901	2900	7
2902	2901	15
2888	2902	30
2888	2903	7
2901	2904	1
2904	2886	20
2873	2905	4
2879	2906	25
2906	2907	3
2880	2907	2
2880	2912	7
2911	2912	5
2878	2911	20
2910	2911	15
2877	2910	4
2914	2877	11
2877	2908	8
2908	2909	2
2870	2913	1
2904	2909	10
2886	2908	5
2902	2919	2
2916	2919	6
2918	2916	1
2918	2917	9
2914	2917	5
2914	2916	4
2915	2914	10
2910	2915	9
2909	2916	1
2919	2921	7
2920	2921	10
2934	2935	5
2923	2924	1
2929	2931	2
2922	2926	1
2931	2934	12
2924	2927	3
2927	2929	4
2923	2928	5
2930	2933	1
2928	2933	22
2921	2922	2
2933	2935	8
2921	2925	3
2933	2932	1
2922	2929	3
2930	2931	5
2930	2936	9
2927	2936	3
2932	2936	3
2936	2937	6
2936	2942	100
2937	2928	9
2928	2938	3
2938	2937	5
2938	2939	1
2939	2940	3
2941	2940	5
2943	2940	3
2942	2941	7
2938	2920	30
2938	2933	40
2929	2944	2
2924	2945	9
2945	2921	3
2948	2945	3
2947	2948	1
2946	2947	2
2949	2948	4
2923	2949	1
2946	2921	1
2949	2938	3
2950	2944	5
2950	2951	8
2931	2951	3
2951	2934	3
2952	2939	7
2949	2952	9
2931	2953	11
2933	2953	20
2939	2954	6
2958	2954	5
2955	2954	1
2956	2955	7
2957	2956	15
2943	2957	30
2943	2958	7
2956	2959	1
2959	2941	20
2928	2960	4
2934	2961	25
2961	2962	3
2935	2962	2
2935	2967	7
2966	2967	5
2933	2966	20
2965	2966	15
2932	2965	4
2969	2932	11
2932	2963	8
2963	2964	2
2925	2968	1
2959	2964	10
2941	2963	5
2957	2974	2
2971	2974	6
2973	2971	1
2973	2972	9
2969	2972	5
2969	2971	4
2970	2969	10
2965	2970	9
2964	2971	1
2974	2976	7
2975	2976	10
2989	2990	5
2978	2979	1
2984	2986	2
2977	2981	1
2986	2989	12
2979	2982	3
2982	2984	4
2978	2983	5
2985	2988	1
2983	2988	22
2976	2977	2
2988	2990	8
2976	2980	3
2988	2987	1
2977	2984	3
2985	2986	5
2985	2991	9
2982	2991	3
2987	2991	3
2991	2992	6
2991	2997	100
2992	2983	9
2983	2993	3
2993	2992	5
2993	2994	1
2994	2995	3
2996	2995	5
2998	2995	3
2997	2996	7
2993	2975	30
2993	2988	40
2984	2999	2
2979	3000	9
3000	2976	3
3003	3000	3
3002	3003	1
3001	3002	2
3004	3003	4
2978	3004	1
3001	2976	1
3004	2993	3
3005	2999	5
3005	3006	8
2986	3006	3
3006	2989	3
3007	2994	7
3004	3007	9
2986	3008	11
2988	3008	20
2994	3009	6
3013	3009	5
3010	3009	1
3011	3010	7
3012	3011	15
2998	3012	30
2998	3013	7
3011	3014	1
3014	2996	20
2983	3015	4
2989	3016	25
3016	3017	3
2990	3017	2
2990	3022	7
3021	3022	5
2988	3021	20
3020	3021	15
2987	3020	4
3024	2987	11
2987	3018	8
3018	3019	2
2980	3023	1
3014	3019	10
2996	3018	5
3012	3029	2
3026	3029	6
3028	3026	1
3028	3027	9
3024	3027	5
3024	3026	4
3025	3024	10
3020	3025	9
3019	3026	1
3029	3031	7
3030	3031	10
3044	3045	5
3033	3034	1
3039	3041	2
3032	3036	1
3041	3044	12
3034	3037	3
3037	3039	4
3033	3038	5
3040	3043	1
3038	3043	22
3031	3032	2
3043	3045	8
3031	3035	3
3043	3042	1
3032	3039	3
3040	3041	5
3040	3046	9
3037	3046	3
3042	3046	3
3046	3047	6
3046	3052	100
3047	3038	9
3038	3048	3
3048	3047	5
3048	3049	1
3049	3050	3
3051	3050	5
3053	3050	3
3052	3051	7
3048	3030	30
3048	3043	40
3039	3054	2
3034	3055	9
3055	3031	3
3058	3055	3
3057	3058	1
3056	3057	2
3059	3058	4
3033	3059	1
3056	3031	1
3059	3048	3
3060	3054	5
3060	3061	8
3041	3061	3
3061	3044	3
3062	3049	7
3059	3062	9
3041	3063	11
3043	3063	20
3049	3064	6
3068	3064	5
3065	3064	1
3066	3065	7
3067	3066	15
3053	3067	30
3053	3068	7
3066	3069	1
3069	3051	20
3038	3070	4
3044	3071	25
3071	3072	3
3045	3072	2
3045	3077	7
3076	3077	5
3043	3076	20
3075	3076	15
3042	3075	4
3079	3042	11
3042	3073	8
3073	3074	2
3035	3078	1
3069	3074	10
3051	3073	5
3067	3084	2
3081	3084	6
3083	3081	1
3083	3082	9
3079	3082	5
3079	3081	4
3080	3079	10
3075	3080	9
3074	3081	1
3084	3086	7
3085	3086	10
3099	3100	5
3088	3089	1
3094	3096	2
3087	3091	1
3096	3099	12
3089	3092	3
3092	3094	4
3088	3093	5
3095	3098	1
3093	3098	22
3086	3087	2
3098	3100	8
3086	3090	3
3098	3097	1
3087	3094	3
3095	3096	5
3095	3101	9
3092	3101	3
3097	3101	3
3101	3102	6
3101	3107	100
3102	3093	9
3093	3103	3
3103	3102	5
3103	3104	1
3104	3105	3
3106	3105	5
3108	3105	3
3107	3106	7
3103	3085	30
3103	3098	40
3094	3109	2
3089	3110	9
3110	3086	3
3113	3110	3
3112	3113	1
3111	3112	2
3114	3113	4
3088	3114	1
3111	3086	1
3114	3103	3
3115	3109	5
3115	3116	8
3096	3116	3
3116	3099	3
3117	3104	7
3114	3117	9
3096	3118	11
3098	3118	20
3104	3119	6
3123	3119	5
3120	3119	1
3121	3120	7
3122	3121	15
3108	3122	30
3108	3123	7
3121	3124	1
3124	3106	20
3093	3125	4
3099	3126	25
3126	3127	3
3100	3127	2
3100	3132	7
3131	3132	5
3098	3131	20
3130	3131	15
3097	3130	4
3134	3097	11
3097	3128	8
3128	3129	2
3090	3133	1
3124	3129	10
3106	3128	5
3122	3139	2
3136	3139	6
3138	3136	1
3138	3137	9
3134	3137	5
3134	3136	4
3135	3134	10
3130	3135	9
3129	3136	1
3139	3142	7
3142	3143	10
3156	3157	5
3145	3146	1
3151	3153	2
3144	3148	1
3153	3156	12
3146	3149	3
3149	3151	4
3145	3150	5
3152	3155	1
3150	3155	22
3143	3144	2
3155	3157	8
3143	3147	3
3155	3154	1
3144	3151	3
3152	3153	5
3152	3158	9
3149	3158	3
3154	3158	3
3158	3159	6
3158	3164	100
3159	3150	9
3150	3160	3
3160	3159	5
3160	3161	1
3161	3162	3
3163	3162	5
3165	3162	3
3164	3163	7
3160	3142	30
3160	3155	40
3151	3166	2
3146	3167	9
3167	3143	3
3170	3167	3
3169	3170	1
3168	3169	2
3171	3170	4
3145	3171	1
3168	3143	1
3171	3160	3
3172	3166	5
3172	3173	8
3153	3173	3
3173	3156	3
3174	3161	7
3171	3174	9
3153	3175	11
3155	3175	20
3161	3176	6
3180	3176	5
3177	3176	1
3178	3177	7
3179	3178	15
3165	3179	30
3165	3180	7
3178	3181	1
3181	3163	20
3150	3182	4
3156	3183	25
3183	3184	3
3157	3184	2
3157	3189	7
3188	3189	5
3155	3188	20
3187	3188	15
3154	3187	4
3191	3154	11
3154	3185	8
3185	3186	2
3147	3190	1
3181	3186	10
3163	3185	5
3179	3196	2
3193	3196	6
3195	3193	1
3195	3194	9
3191	3194	5
3191	3193	4
3192	3191	10
3187	3192	9
3186	3193	1
3196	3198	7
3197	3198	10
3211	3212	5
3200	3201	1
3206	3208	2
3199	3203	1
3208	3211	12
3201	3204	3
3204	3206	4
3200	3205	5
3207	3210	1
3205	3210	22
3198	3199	2
3210	3212	8
3198	3202	3
3210	3209	1
3199	3206	3
3207	3208	5
3207	3213	9
3204	3213	3
3209	3213	3
3213	3214	6
3213	3219	100
3214	3205	9
3205	3215	3
3215	3214	5
3215	3216	1
3216	3217	3
3218	3217	5
3220	3217	3
3219	3218	7
3215	3197	30
3215	3210	40
3206	3221	2
3201	3222	9
3222	3198	3
3225	3222	3
3224	3225	1
3223	3224	2
3226	3225	4
3200	3226	1
3223	3198	1
3226	3215	3
3227	3221	5
3227	3228	8
3208	3228	3
3228	3211	3
3229	3216	7
3226	3229	9
3208	3230	11
3210	3230	20
3216	3231	6
3235	3231	5
3232	3231	1
3233	3232	7
3234	3233	15
3220	3234	30
3220	3235	7
3233	3236	1
3236	3218	20
3205	3237	4
3211	3238	25
3238	3239	3
3212	3239	2
3212	3244	7
3243	3244	5
3210	3243	20
3242	3243	15
3209	3242	4
3246	3209	11
3209	3240	8
3240	3241	2
3202	3245	1
3236	3241	10
3218	3240	5
3234	3251	2
3248	3251	6
3250	3248	1
3250	3249	9
3246	3249	5
3246	3248	4
3247	3246	10
3242	3247	9
3241	3248	1
3251	3253	7
3252	3253	10
3266	3267	5
3255	3256	1
3261	3263	2
3254	3258	1
3263	3266	12
3256	3259	3
3259	3261	4
3255	3260	5
3262	3265	1
3260	3265	22
3253	3254	2
3265	3267	8
3253	3257	3
3265	3264	1
3254	3261	3
3262	3263	5
3262	3268	9
3259	3268	3
3264	3268	3
3268	3269	6
3268	3274	100
3269	3260	9
3260	3270	3
3270	3269	5
3270	3271	1
3271	3272	3
3273	3272	5
3275	3272	3
3274	3273	7
3270	3252	30
3270	3265	40
3261	3276	2
3256	3277	9
3277	3253	3
3280	3277	3
3279	3280	1
3278	3279	2
3281	3280	4
3255	3281	1
3278	3253	1
3281	3270	3
3282	3276	5
3282	3283	8
3263	3283	3
3283	3266	3
3284	3271	7
3281	3284	9
3263	3285	11
3265	3285	20
3271	3286	6
3290	3286	5
3287	3286	1
3288	3287	7
3289	3288	15
3275	3289	30
3275	3290	7
3288	3291	1
3291	3273	20
3260	3292	4
3266	3293	25
3293	3294	3
3267	3294	2
3267	3299	7
3298	3299	5
3265	3298	20
3297	3298	15
3264	3297	4
3301	3264	11
3264	3295	8
3295	3296	2
3257	3300	1
3291	3296	10
3273	3295	5
3289	3306	2
3303	3306	6
3305	3303	1
3305	3304	9
3301	3304	5
3301	3303	4
3302	3301	10
3297	3302	9
3296	3303	1
3306	3308	7
3307	3308	10
3321	3322	5
3310	3311	1
3316	3318	2
3309	3313	1
3318	3321	12
3311	3314	3
3314	3316	4
3310	3315	5
3317	3320	1
3315	3320	22
3308	3309	2
3320	3322	8
3308	3312	3
3320	3319	1
3309	3316	3
3317	3318	5
3317	3323	9
3314	3323	3
3319	3323	3
3323	3324	6
3323	3329	100
3324	3315	9
3315	3325	3
3325	3324	5
3325	3326	1
3326	3327	3
3328	3327	5
3330	3327	3
3329	3328	7
3325	3307	30
3325	3320	40
3316	3331	2
3311	3332	9
3332	3308	3
3335	3332	3
3334	3335	1
3333	3334	2
3336	3335	4
3310	3336	1
3333	3308	1
3336	3325	3
3337	3331	5
3337	3338	8
3318	3338	3
3338	3321	3
3339	3326	7
3336	3339	9
3318	3340	11
3320	3340	20
3326	3341	6
3345	3341	5
3342	3341	1
3343	3342	7
3344	3343	15
3330	3344	30
3330	3345	7
3343	3346	1
3346	3328	20
3315	3347	4
3321	3348	25
3348	3349	3
3322	3349	2
3322	3354	7
3353	3354	5
3320	3353	20
3352	3353	15
3319	3352	4
3356	3319	11
3319	3350	8
3350	3351	2
3312	3355	1
3346	3351	10
3328	3350	5
3344	3361	2
3358	3361	6
3360	3358	1
3360	3359	9
3356	3359	5
3356	3358	4
3357	3356	10
3352	3357	9
3351	3358	1
3361	3363	7
3362	3363	10
3376	3377	5
3365	3366	1
3371	3373	2
3364	3368	1
3373	3376	12
3366	3369	3
3369	3371	4
3365	3370	5
3372	3375	1
3370	3375	22
3363	3364	2
3375	3377	8
3363	3367	3
3375	3374	1
3364	3371	3
3372	3373	5
3372	3378	9
3369	3378	3
3374	3378	3
3378	3379	6
3378	3384	100
3379	3370	9
3370	3380	3
3380	3379	5
3380	3381	1
3381	3382	3
3383	3382	5
3385	3382	3
3384	3383	7
3380	3362	30
3380	3375	40
3371	3386	2
3366	3387	9
3387	3363	3
3390	3387	3
3389	3390	1
3388	3389	2
3391	3390	4
3365	3391	1
3388	3363	1
3391	3380	3
3392	3386	5
3392	3393	8
3373	3393	3
3393	3376	3
3394	3381	7
3391	3394	9
3373	3395	11
3375	3395	20
3381	3396	6
3400	3396	5
3397	3396	1
3398	3397	7
3399	3398	15
3385	3399	30
3385	3400	7
3398	3401	1
3401	3383	20
3370	3402	4
3376	3403	25
3403	3404	3
3377	3404	2
3377	3409	7
3408	3409	5
3375	3408	20
3407	3408	15
3374	3407	4
3411	3374	11
3374	3405	8
3405	3406	2
3367	3410	1
3401	3406	10
3383	3405	5
3399	3416	2
3413	3416	6
3415	3413	1
3415	3414	9
3411	3414	5
3411	3413	4
3412	3411	10
3407	3412	9
3406	3413	1
3416	3418	7
3417	3418	10
3431	3432	5
3420	3421	1
3426	3428	2
3419	3423	1
3428	3431	12
3421	3424	3
3424	3426	4
3420	3425	5
3427	3430	1
3425	3430	22
3418	3419	2
3430	3432	8
3418	3422	3
3430	3429	1
3419	3426	3
3427	3428	5
3427	3433	9
3424	3433	3
3429	3433	3
3433	3434	6
3433	3439	100
3434	3425	9
3425	3435	3
3435	3434	5
3435	3436	1
3436	3437	3
3438	3437	5
3440	3437	3
3439	3438	7
3435	3417	30
3435	3430	40
3426	3441	2
3421	3442	9
3442	3418	3
3445	3442	3
3444	3445	1
3443	3444	2
3446	3445	4
3420	3446	1
3443	3418	1
3446	3435	3
3447	3441	5
3447	3448	8
3428	3448	3
3448	3431	3
3449	3436	7
3446	3449	9
3428	3450	11
3430	3450	20
3436	3451	6
3455	3451	5
3452	3451	1
3453	3452	7
3454	3453	15
3440	3454	30
3440	3455	7
3453	3456	1
3456	3438	20
3425	3457	4
3431	3458	25
3458	3459	3
3432	3459	2
3432	3464	7
3463	3464	5
3430	3463	20
3462	3463	15
3429	3462	4
3466	3429	11
3429	3460	8
3460	3461	2
3422	3465	1
3456	3461	10
3438	3460	5
3454	3471	2
3468	3471	6
3470	3468	1
3470	3469	9
3466	3469	5
3466	3468	4
3467	3466	10
3462	3467	9
3461	3468	1
3471	3473	7
3472	3473	10
3486	3487	5
3475	3476	1
3481	3483	2
3474	3478	1
3483	3486	12
3476	3479	3
3479	3481	4
3475	3480	5
3482	3485	1
3480	3485	22
3473	3474	2
3485	3487	8
3473	3477	3
3485	3484	1
3474	3481	3
3482	3483	5
3482	3488	9
3479	3488	3
3484	3488	3
3488	3489	6
3488	3494	100
3489	3480	9
3480	3490	3
3490	3489	5
3490	3491	1
3491	3492	3
3493	3492	5
3495	3492	3
3494	3493	7
3490	3472	30
3490	3485	40
3481	3496	2
3476	3497	9
3497	3473	3
3500	3497	3
3499	3500	1
3498	3499	2
3501	3500	4
3475	3501	1
3498	3473	1
3501	3490	3
3502	3496	5
3502	3503	8
3483	3503	3
3503	3486	3
3504	3491	7
3501	3504	9
3483	3505	11
3485	3505	20
3491	3506	6
3510	3506	5
3507	3506	1
3508	3507	7
3509	3508	15
3495	3509	30
3495	3510	7
3508	3511	1
3511	3493	20
3480	3512	4
3486	3513	25
3513	3514	3
3487	3514	2
3487	3519	7
3518	3519	5
3485	3518	20
3517	3518	15
3484	3517	4
3521	3484	11
3484	3515	8
3515	3516	2
3477	3520	1
3511	3516	10
3493	3515	5
3509	3526	2
3523	3526	6
3525	3523	1
3525	3524	9
3521	3524	5
3521	3523	4
3522	3521	10
3517	3522	9
3516	3523	1
3526	3528	7
3527	3528	10
3541	3542	5
3530	3531	1
3536	3538	2
3529	3533	1
3538	3541	12
3531	3534	3
3534	3536	4
3530	3535	5
3537	3540	1
3535	3540	22
3528	3529	2
3540	3542	8
3528	3532	3
3540	3539	1
3529	3536	3
3537	3538	5
3537	3543	9
3534	3543	3
3539	3543	3
3543	3544	6
3543	3549	100
3544	3535	9
3535	3545	3
3545	3544	5
3545	3546	1
3546	3547	3
3548	3547	5
3550	3547	3
3549	3548	7
3545	3527	30
3545	3540	40
3536	3551	2
3531	3552	9
3552	3528	3
3555	3552	3
3554	3555	1
3553	3554	2
3556	3555	4
3530	3556	1
3553	3528	1
3556	3545	3
3557	3551	5
3557	3558	8
3538	3558	3
3558	3541	3
3559	3546	7
3556	3559	9
3538	3560	11
3540	3560	20
3546	3561	6
3565	3561	5
3562	3561	1
3563	3562	7
3564	3563	15
3550	3564	30
3550	3565	7
3563	3566	1
3566	3548	20
3535	3567	4
3541	3568	25
3568	3569	3
3542	3569	2
3542	3574	7
3573	3574	5
3540	3573	20
3572	3573	15
3539	3572	4
3576	3539	11
3539	3570	8
3570	3571	2
3532	3575	1
3566	3571	10
3548	3570	5
3564	3581	2
3578	3581	6
3580	3578	1
3580	3579	9
3576	3579	5
3576	3578	4
3577	3576	10
3572	3577	9
3571	3578	1
3581	3583	7
3582	3583	10
3596	3597	5
3585	3586	1
3591	3593	2
3584	3588	1
3593	3596	12
3586	3589	3
3589	3591	4
3585	3590	5
3592	3595	1
3590	3595	22
3583	3584	2
3595	3597	8
3583	3587	3
3595	3594	1
3584	3591	3
3592	3593	5
3592	3598	9
3589	3598	3
3594	3598	3
3598	3599	6
3598	3604	100
3599	3590	9
3590	3600	3
3600	3599	5
3600	3601	1
3601	3602	3
3603	3602	5
3605	3602	3
3604	3603	7
3600	3582	30
3600	3595	40
3591	3606	2
3586	3607	9
3607	3583	3
3610	3607	3
3609	3610	1
3608	3609	2
3611	3610	4
3585	3611	1
3608	3583	1
3611	3600	3
3612	3606	5
3612	3613	8
3593	3613	3
3613	3596	3
3614	3601	7
3611	3614	9
3593	3615	11
3595	3615	20
3601	3616	6
3620	3616	5
3617	3616	1
3618	3617	7
3619	3618	15
3605	3619	30
3605	3620	7
3618	3621	1
3621	3603	20
3590	3622	4
3596	3623	25
3623	3624	3
3597	3624	2
3597	3629	7
3628	3629	5
3595	3628	20
3627	3628	15
3594	3627	4
3631	3594	11
3594	3625	8
3625	3626	2
3587	3630	1
3621	3626	10
3603	3625	5
3619	3636	2
3633	3636	6
3635	3633	1
3635	3634	9
3631	3634	5
3631	3633	4
3632	3631	10
3627	3632	9
3626	3633	1
3636	3638	7
3637	3638	10
3651	3652	5
3640	3641	1
3646	3648	2
3639	3643	1
3648	3651	12
3641	3644	3
3644	3646	4
3640	3645	5
3647	3650	1
3645	3650	22
3638	3639	2
3650	3652	8
3638	3642	3
3650	3649	1
3639	3646	3
3647	3648	5
3647	3653	9
3644	3653	3
3649	3653	3
3653	3654	6
3653	3659	100
3654	3645	9
3645	3655	3
3655	3654	5
3655	3656	1
3656	3657	3
3658	3657	5
3660	3657	3
3659	3658	7
3655	3637	30
3655	3650	40
3646	3661	2
3641	3662	9
3662	3638	3
3665	3662	3
3664	3665	1
3663	3664	2
3666	3665	4
3640	3666	1
3663	3638	1
3666	3655	3
3667	3661	5
3667	3668	8
3648	3668	3
3668	3651	3
3669	3656	7
3666	3669	9
3648	3670	11
3650	3670	20
3656	3671	6
3675	3671	5
3672	3671	1
3673	3672	7
3674	3673	15
3660	3674	30
3660	3675	7
3673	3676	1
3676	3658	20
3645	3677	4
3651	3678	25
3678	3679	3
3652	3679	2
3652	3684	7
3683	3684	5
3650	3683	20
3682	3683	15
3649	3682	4
3686	3649	11
3649	3680	8
3680	3681	2
3642	3685	1
3676	3681	10
3658	3680	5
3674	3691	2
3688	3691	6
3690	3688	1
3690	3689	9
3686	3689	5
3686	3688	4
3687	3686	10
3682	3687	9
3681	3688	1
3691	3693	7
3692	3693	10
3706	3707	5
3695	3696	1
3701	3703	2
3694	3698	1
3703	3706	12
3696	3699	3
3699	3701	4
3695	3700	5
3702	3705	1
3700	3705	22
3693	3694	2
3705	3707	8
3693	3697	3
3705	3704	1
3694	3701	3
3702	3703	5
3702	3708	9
3699	3708	3
3704	3708	3
3708	3709	6
3708	3714	100
3709	3700	9
3700	3710	3
3710	3709	5
3710	3711	1
3711	3712	3
3713	3712	5
3715	3712	3
3714	3713	7
3710	3692	30
3710	3705	40
3701	3716	2
3696	3717	9
3717	3693	3
3720	3717	3
3719	3720	1
3718	3719	2
3721	3720	4
3695	3721	1
3718	3693	1
3721	3710	3
3722	3716	5
3722	3723	8
3703	3723	3
3723	3706	3
3724	3711	7
3721	3724	9
3703	3725	11
3705	3725	20
3711	3726	6
3730	3726	5
3727	3726	1
3728	3727	7
3729	3728	15
3715	3729	30
3715	3730	7
3728	3731	1
3731	3713	20
3700	3732	4
3706	3733	25
3733	3734	3
3707	3734	2
3707	3739	7
3738	3739	5
3705	3738	20
3737	3738	15
3704	3737	4
3741	3704	11
3704	3735	8
3735	3736	2
3697	3740	1
3731	3736	10
3713	3735	5
3729	3746	2
3743	3746	6
3745	3743	1
3745	3744	9
3741	3744	5
3741	3743	4
3742	3741	10
3737	3742	9
3736	3743	1
3746	3748	7
3747	3748	10
3761	3762	5
3750	3751	1
3756	3758	2
3749	3753	1
3758	3761	12
3751	3754	3
3754	3756	4
3750	3755	5
3757	3760	1
3755	3760	22
3748	3749	2
3760	3762	8
3748	3752	3
3760	3759	1
3749	3756	3
3757	3758	5
3757	3763	9
3754	3763	3
3759	3763	3
3763	3764	6
3763	3769	100
3764	3755	9
3755	3765	3
3765	3764	5
3765	3766	1
3766	3767	3
3768	3767	5
3770	3767	3
3769	3768	7
3765	3747	30
3765	3760	40
3756	3771	2
3751	3772	9
3772	3748	3
3775	3772	3
3774	3775	1
3773	3774	2
3776	3775	4
3750	3776	1
3773	3748	1
3776	3765	3
3777	3771	5
3777	3778	8
3758	3778	3
3778	3761	3
3779	3766	7
3776	3779	9
3758	3780	11
3760	3780	20
3766	3781	6
3785	3781	5
3782	3781	1
3783	3782	7
3784	3783	15
3770	3784	30
3770	3785	7
3783	3786	1
3786	3768	20
3755	3787	4
3761	3788	25
3788	3789	3
3762	3789	2
3762	3794	7
3793	3794	5
3760	3793	20
3792	3793	15
3759	3792	4
3796	3759	11
3759	3790	8
3790	3791	2
3752	3795	1
3786	3791	10
3768	3790	5
3784	3801	2
3798	3801	6
3800	3798	1
3800	3799	9
3796	3799	5
3796	3798	4
3797	3796	10
3792	3797	9
3791	3798	1
3801	3803	7
3802	3803	10
3816	3817	5
3805	3806	1
3811	3813	2
3804	3808	1
3813	3816	12
3806	3809	3
3809	3811	4
3805	3810	5
3812	3815	1
3810	3815	22
3803	3804	2
3815	3817	8
3803	3807	3
3815	3814	1
3804	3811	3
3812	3813	5
3812	3818	9
3809	3818	3
3814	3818	3
3818	3819	6
3818	3824	100
3819	3810	9
3810	3820	3
3820	3819	5
3820	3821	1
3821	3822	3
3823	3822	5
3825	3822	3
3824	3823	7
3820	3802	30
3820	3815	40
3811	3826	2
3806	3827	9
3827	3803	3
3830	3827	3
3829	3830	1
3828	3829	2
3831	3830	4
3805	3831	1
3828	3803	1
3831	3820	3
3832	3826	5
3832	3833	8
3813	3833	3
3833	3816	3
3834	3821	7
3831	3834	9
3813	3835	11
3815	3835	20
3821	3836	6
3840	3836	5
3837	3836	1
3838	3837	7
3839	3838	15
3825	3839	30
3825	3840	7
3838	3841	1
3841	3823	20
3810	3842	4
3816	3843	25
3843	3844	3
3817	3844	2
3817	3849	7
3848	3849	5
3815	3848	20
3847	3848	15
3814	3847	4
3851	3814	11
3814	3845	8
3845	3846	2
3807	3850	1
3841	3846	10
3823	3845	5
3839	3856	2
3853	3856	6
3855	3853	1
3855	3854	9
3851	3854	5
3851	3853	4
3852	3851	10
3847	3852	9
3846	3853	1
3856	3858	7
3857	3858	10
3871	3872	5
3860	3861	1
3866	3868	2
3859	3863	1
3868	3871	12
3861	3864	3
3864	3866	4
3860	3865	5
3867	3870	1
3865	3870	22
3858	3859	2
3870	3872	8
3858	3862	3
3870	3869	1
3859	3866	3
3867	3868	5
3867	3873	9
3864	3873	3
3869	3873	3
3873	3874	6
3873	3879	100
3874	3865	9
3865	3875	3
3875	3874	5
3875	3876	1
3876	3877	3
3878	3877	5
3880	3877	3
3879	3878	7
3875	3857	30
3875	3870	40
3866	3881	2
3861	3882	9
3882	3858	3
3885	3882	3
3884	3885	1
3883	3884	2
3886	3885	4
3860	3886	1
3883	3858	1
3886	3875	3
3887	3881	5
3887	3888	8
3868	3888	3
3888	3871	3
3889	3876	7
3886	3889	9
3868	3890	11
3870	3890	20
3876	3891	6
3895	3891	5
3892	3891	1
3893	3892	7
3894	3893	15
3880	3894	30
3880	3895	7
3893	3896	1
3896	3878	20
3865	3897	4
3871	3898	25
3898	3899	3
3872	3899	2
3872	3904	7
3903	3904	5
3870	3903	20
3902	3903	15
3869	3902	4
3906	3869	11
3869	3900	8
3900	3901	2
3862	3905	1
3896	3901	10
3878	3900	5
3894	3911	2
3908	3911	6
3910	3908	1
3910	3909	9
3906	3909	5
3906	3908	4
3907	3906	10
3902	3907	9
3901	3908	1
3911	3913	7
3912	3913	10
3926	3927	5
3915	3916	1
3921	3923	2
3914	3918	1
3923	3926	12
3916	3919	3
3919	3921	4
3915	3920	5
3922	3925	1
3920	3925	22
3913	3914	2
3925	3927	8
3913	3917	3
3925	3924	1
3914	3921	3
3922	3923	5
3922	3928	9
3919	3928	3
3924	3928	3
3928	3929	6
3928	3934	100
3929	3920	9
3920	3930	3
3930	3929	5
3930	3931	1
3931	3932	3
3933	3932	5
3935	3932	3
3934	3933	7
3930	3912	30
3930	3925	40
3921	3936	2
3916	3937	9
3937	3913	3
3940	3937	3
3939	3940	1
3938	3939	2
3941	3940	4
3915	3941	1
3938	3913	1
3941	3930	3
3942	3936	5
3942	3943	8
3923	3943	3
3943	3926	3
3944	3931	7
3941	3944	9
3923	3945	11
3925	3945	20
3931	3946	6
3950	3946	5
3947	3946	1
3948	3947	7
3949	3948	15
3935	3949	30
3935	3950	7
3948	3951	1
3951	3933	20
3920	3952	4
3926	3953	25
3953	3954	3
3927	3954	2
3927	3959	7
3958	3959	5
3925	3958	20
3957	3958	15
3924	3957	4
3961	3924	11
3924	3955	8
3955	3956	2
3917	3960	1
3951	3956	10
3933	3955	5
3949	3966	2
3963	3966	6
3965	3963	1
3965	3964	9
3961	3964	5
3961	3963	4
3962	3961	10
3957	3962	9
3956	3963	1
3966	3968	7
3967	3968	10
3981	3982	5
3970	3971	1
3976	3978	2
3969	3973	1
3978	3981	12
3971	3974	3
3974	3976	4
3970	3975	5
3977	3980	1
3975	3980	22
3968	3969	2
3980	3982	8
3968	3972	3
3980	3979	1
3969	3976	3
3977	3978	5
3977	3983	9
3974	3983	3
3979	3983	3
3983	3984	6
3983	3989	100
3984	3975	9
3975	3985	3
3985	3984	5
3985	3986	1
3986	3987	3
3988	3987	5
3990	3987	3
3989	3988	7
3985	3967	30
3985	3980	40
3976	3991	2
3971	3992	9
3992	3968	3
3995	3992	3
3994	3995	1
3993	3994	2
3996	3995	4
3970	3996	1
3993	3968	1
3996	3985	3
3997	3991	5
3997	3998	8
3978	3998	3
3998	3981	3
3999	3986	7
3996	3999	9
3978	4000	11
3980	4000	20
3986	4001	6
4005	4001	5
4002	4001	1
4003	4002	7
4004	4003	15
3990	4004	30
3990	4005	7
4003	4006	1
4006	3988	20
3975	4007	4
3981	4008	25
4008	4009	3
3982	4009	2
3982	4014	7
4013	4014	5
3980	4013	20
4012	4013	15
3979	4012	4
4016	3979	11
3979	4010	8
4010	4011	2
3972	4015	1
4006	4011	10
3988	4010	5
4004	4021	2
4018	4021	6
4020	4018	1
4020	4019	9
4016	4019	5
4016	4018	4
4017	4016	10
4012	4017	9
4011	4018	1
4021	4023	7
4022	4023	10
4036	4037	5
4025	4026	1
4031	4033	2
4024	4028	1
4033	4036	12
4026	4029	3
4029	4031	4
4025	4030	5
4032	4035	1
4030	4035	22
4023	4024	2
4035	4037	8
4023	4027	3
4035	4034	1
4024	4031	3
4032	4033	5
4032	4038	9
4029	4038	3
4034	4038	3
4038	4039	6
4038	4044	100
4039	4030	9
4030	4040	3
4040	4039	5
4040	4041	1
4041	4042	3
4043	4042	5
4045	4042	3
4044	4043	7
4040	4022	30
4040	4035	40
4031	4046	2
4026	4047	9
4047	4023	3
4050	4047	3
4049	4050	1
4048	4049	2
4051	4050	4
4025	4051	1
4048	4023	1
4051	4040	3
4052	4046	5
4052	4053	8
4033	4053	3
4053	4036	3
4054	4041	7
4051	4054	9
4033	4055	11
4035	4055	20
4041	4056	6
4060	4056	5
4057	4056	1
4058	4057	7
4059	4058	15
4045	4059	30
4045	4060	7
4058	4061	1
4061	4043	20
4030	4062	4
4036	4063	25
4063	4064	3
4037	4064	2
4037	4069	7
4068	4069	5
4035	4068	20
4067	4068	15
4034	4067	4
4071	4034	11
4034	4065	8
4065	4066	2
4027	4070	1
4061	4066	10
4043	4065	5
4059	4076	2
4073	4076	6
4075	4073	1
4075	4074	9
4071	4074	5
4071	4073	4
4072	4071	10
4067	4072	9
4066	4073	1
4076	4078	7
4077	4078	10
4091	4092	5
4080	4081	1
4086	4088	2
4079	4083	1
4088	4091	12
4081	4084	3
4084	4086	4
4080	4085	5
4087	4090	1
4085	4090	22
4078	4079	2
4090	4092	8
4078	4082	3
4090	4089	1
4079	4086	3
4087	4088	5
4087	4093	9
4084	4093	3
4089	4093	3
4093	4094	6
4093	4099	100
4094	4085	9
4085	4095	3
4095	4094	5
4095	4096	1
4096	4097	3
4098	4097	5
4100	4097	3
4099	4098	7
4095	4077	30
4095	4090	40
4086	4101	2
4081	4102	9
4102	4078	3
4105	4102	3
4104	4105	1
4103	4104	2
4106	4105	4
4080	4106	1
4103	4078	1
4106	4095	3
4107	4101	5
4107	4108	8
4088	4108	3
4108	4091	3
4109	4096	7
4106	4109	9
4088	4110	11
4090	4110	20
4096	4111	6
4115	4111	5
4112	4111	1
4113	4112	7
4114	4113	15
4100	4114	30
4100	4115	7
4113	4116	1
4116	4098	20
4085	4117	4
4091	4118	25
4118	4119	3
4092	4119	2
4092	4124	7
4123	4124	5
4090	4123	20
4122	4123	15
4089	4122	4
4126	4089	11
4089	4120	8
4120	4121	2
4082	4125	1
4116	4121	10
4098	4120	5
4114	4131	2
4128	4131	6
4130	4128	1
4130	4129	9
4126	4129	5
4126	4128	4
4127	4126	10
4122	4127	9
4121	4128	1
4131	4133	7
4132	4133	10
4146	4147	5
4135	4136	1
4141	4143	2
4134	4138	1
4143	4146	12
4136	4139	3
4139	4141	4
4135	4140	5
4142	4145	1
4140	4145	22
4133	4134	2
4145	4147	8
4133	4137	3
4145	4144	1
4134	4141	3
4142	4143	5
4142	4148	9
4139	4148	3
4144	4148	3
4148	4149	6
4148	4154	100
4149	4140	9
4140	4150	3
4150	4149	5
4150	4151	1
4151	4152	3
4153	4152	5
4155	4152	3
4154	4153	7
4150	4132	30
4150	4145	40
4141	4156	2
4136	4157	9
4157	4133	3
4160	4157	3
4159	4160	1
4158	4159	2
4161	4160	4
4135	4161	1
4158	4133	1
4161	4150	3
4162	4156	5
4162	4163	8
4143	4163	3
4163	4146	3
4164	4151	7
4161	4164	9
4143	4165	11
4145	4165	20
4151	4166	6
4170	4166	5
4167	4166	1
4168	4167	7
4169	4168	15
4155	4169	30
4155	4170	7
4168	4171	1
4171	4153	20
4140	4172	4
4146	4173	25
4173	4174	3
4147	4174	2
4147	4179	7
4178	4179	5
4145	4178	20
4177	4178	15
4144	4177	4
4181	4144	11
4144	4175	8
4175	4176	2
4137	4180	1
4171	4176	10
4153	4175	5
4169	4186	2
4183	4186	6
4185	4183	1
4185	4184	9
4181	4184	5
4181	4183	4
4182	4181	10
4177	4182	9
4176	4183	1
4186	4189	7
4189	4190	10
4203	4204	5
4192	4193	1
4198	4200	2
4191	4195	1
4200	4203	12
4193	4196	3
4196	4198	4
4192	4197	5
4199	4202	1
4197	4202	22
4190	4191	2
4202	4204	8
4190	4194	3
4202	4201	1
4191	4198	3
4199	4200	5
4199	4205	9
4196	4205	3
4201	4205	3
4205	4206	6
4205	4211	100
4206	4197	9
4197	4207	3
4207	4206	5
4207	4208	1
4208	4209	3
4210	4209	5
4212	4209	3
4211	4210	7
4207	4189	30
4207	4202	40
4198	4213	2
4193	4214	9
4214	4190	3
4217	4214	3
4216	4217	1
4215	4216	2
4218	4217	4
4192	4218	1
4215	4190	1
4218	4207	3
4219	4213	5
4219	4220	8
4200	4220	3
4220	4203	3
4221	4208	7
4218	4221	9
4200	4222	11
4202	4222	20
4208	4223	6
4227	4223	5
4224	4223	1
4225	4224	7
4226	4225	15
4212	4226	30
4212	4227	7
4225	4228	1
4228	4210	20
4197	4229	4
4203	4230	25
4230	4231	3
4204	4231	2
4204	4236	7
4235	4236	5
4202	4235	20
4234	4235	15
4201	4234	4
4238	4201	11
4201	4232	8
4232	4233	2
4194	4237	1
4228	4233	10
4210	4232	5
4226	4243	2
4240	4243	6
4242	4240	1
4242	4241	9
4238	4241	5
4238	4240	4
4239	4238	10
4234	4239	9
4233	4240	1
4243	4245	7
4244	4245	10
4258	4259	5
4247	4248	1
4253	4255	2
4246	4250	1
4255	4258	12
4248	4251	3
4251	4253	4
4247	4252	5
4254	4257	1
4252	4257	22
4245	4246	2
4257	4259	8
4245	4249	3
4257	4256	1
4246	4253	3
4254	4255	5
4254	4260	9
4251	4260	3
4256	4260	3
4260	4261	6
4260	4266	100
4261	4252	9
4252	4262	3
4262	4261	5
4262	4263	1
4263	4264	3
4265	4264	5
4267	4264	3
4266	4265	7
4262	4244	30
4262	4257	40
4253	4268	2
4248	4269	9
4269	4245	3
4272	4269	3
4271	4272	1
4270	4271	2
4273	4272	4
4247	4273	1
4270	4245	1
4273	4262	3
4274	4268	5
4274	4275	8
4255	4275	3
4275	4258	3
4276	4263	7
4273	4276	9
4255	4277	11
4257	4277	20
4263	4278	6
4282	4278	5
4279	4278	1
4280	4279	7
4281	4280	15
4267	4281	30
4267	4282	7
4280	4283	1
4283	4265	20
4252	4284	4
4258	4285	25
4285	4286	3
4259	4286	2
4259	4291	7
4290	4291	5
4257	4290	20
4289	4290	15
4256	4289	4
4293	4256	11
4256	4287	8
4287	4288	2
4249	4292	1
4283	4288	10
4265	4287	5
4281	4298	2
4295	4298	6
4297	4295	1
4297	4296	9
4293	4296	5
4293	4295	4
4294	4293	10
4289	4294	9
4288	4295	1
4298	4300	7
4299	4300	10
4313	4314	5
4302	4303	1
4308	4310	2
4301	4305	1
4310	4313	12
4303	4306	3
4306	4308	4
4302	4307	5
4309	4312	1
4307	4312	22
4300	4301	2
4312	4314	8
4300	4304	3
4312	4311	1
4301	4308	3
4309	4310	5
4309	4315	9
4306	4315	3
4311	4315	3
4315	4316	6
4315	4321	100
4316	4307	9
4307	4317	3
4317	4316	5
4317	4318	1
4318	4319	3
4320	4319	5
4322	4319	3
4321	4320	7
4317	4299	30
4317	4312	40
4308	4323	2
4303	4324	9
4324	4300	3
4327	4324	3
4326	4327	1
4325	4326	2
4328	4327	4
4302	4328	1
4325	4300	1
4328	4317	3
4329	4323	5
4329	4330	8
4310	4330	3
4330	4313	3
4331	4318	7
4328	4331	9
4310	4332	11
4312	4332	20
4318	4333	6
4337	4333	5
4334	4333	1
4335	4334	7
4336	4335	15
4322	4336	30
4322	4337	7
4335	4338	1
4338	4320	20
4307	4339	4
4313	4340	25
4340	4341	3
4314	4341	2
4314	4346	7
4345	4346	5
4312	4345	20
4344	4345	15
4311	4344	4
4348	4311	11
4311	4342	8
4342	4343	2
4304	4347	1
4338	4343	10
4320	4342	5
4336	4353	2
4350	4353	6
4352	4350	1
4352	4351	9
4348	4351	5
4348	4350	4
4349	4348	10
4344	4349	9
4343	4350	1
4353	4355	7
4354	4355	10
4368	4369	5
4357	4358	1
4363	4365	2
4356	4360	1
4365	4368	12
4358	4361	3
4361	4363	4
4357	4362	5
4364	4367	1
4362	4367	22
4355	4356	2
4367	4369	8
4355	4359	3
4367	4366	1
4356	4363	3
4364	4365	5
4364	4370	9
4361	4370	3
4366	4370	3
4370	4371	6
4370	4376	100
4371	4362	9
4362	4372	3
4372	4371	5
4372	4373	1
4373	4374	3
4375	4374	5
4377	4374	3
4376	4375	7
4372	4354	30
4372	4367	40
4363	4378	2
4358	4379	9
4379	4355	3
4382	4379	3
4381	4382	1
4380	4381	2
4383	4382	4
4357	4383	1
4380	4355	1
4383	4372	3
4384	4378	5
4384	4385	8
4365	4385	3
4385	4368	3
4386	4373	7
4383	4386	9
4365	4387	11
4367	4387	20
4373	4388	6
4392	4388	5
4389	4388	1
4390	4389	7
4391	4390	15
4377	4391	30
4377	4392	7
4390	4393	1
4393	4375	20
4362	4394	4
4368	4395	25
4395	4396	3
4369	4396	2
4369	4401	7
4400	4401	5
4367	4400	20
4399	4400	15
4366	4399	4
4403	4366	11
4366	4397	8
4397	4398	2
4359	4402	1
4393	4398	10
4375	4397	5
4391	4408	2
4405	4408	6
4407	4405	1
4407	4406	9
4403	4406	5
4403	4405	4
4404	4403	10
4399	4404	9
4398	4405	1
4408	4410	7
4409	4410	10
4423	4424	5
4412	4413	1
4418	4420	2
4411	4415	1
4420	4423	12
4413	4416	3
4416	4418	4
4412	4417	5
4419	4422	1
4417	4422	22
4410	4411	2
4422	4424	8
4410	4414	3
4422	4421	1
4411	4418	3
4419	4420	5
4419	4425	9
4416	4425	3
4421	4425	3
4425	4426	6
4425	4431	100
4426	4417	9
4417	4427	3
4427	4426	5
4427	4428	1
4428	4429	3
4430	4429	5
4432	4429	3
4431	4430	7
4427	4409	30
4427	4422	40
4418	4433	2
4413	4434	9
4434	4410	3
4437	4434	3
4436	4437	1
4435	4436	2
4438	4437	4
4412	4438	1
4435	4410	1
4438	4427	3
4439	4433	5
4439	4440	8
4420	4440	3
4440	4423	3
4441	4428	7
4438	4441	9
4420	4442	11
4422	4442	20
4428	4443	6
4447	4443	5
4444	4443	1
4445	4444	7
4446	4445	15
4432	4446	30
4432	4447	7
4445	4448	1
4448	4430	20
4417	4449	4
4423	4450	25
4450	4451	3
4424	4451	2
4424	4456	7
4455	4456	5
4422	4455	20
4454	4455	15
4421	4454	4
4458	4421	11
4421	4452	8
4452	4453	2
4414	4457	1
4448	4453	10
4430	4452	5
4446	4463	2
4460	4463	6
4462	4460	1
4462	4461	9
4458	4461	5
4458	4460	4
4459	4458	10
4454	4459	9
4453	4460	1
4463	4465	7
4464	4465	10
4478	4479	5
4467	4468	1
4473	4475	2
4466	4470	1
4475	4478	12
4468	4471	3
4471	4473	4
4467	4472	5
4474	4477	1
4472	4477	22
4465	4466	2
4477	4479	8
4465	4469	3
4477	4476	1
4466	4473	3
4474	4475	5
4474	4480	9
4471	4480	3
4476	4480	3
4480	4481	6
4480	4486	100
4481	4472	9
4472	4482	3
4482	4481	5
4482	4483	1
4483	4484	3
4485	4484	5
4487	4484	3
4486	4485	7
4482	4464	30
4482	4477	40
4473	4488	2
4468	4489	9
4489	4465	3
4492	4489	3
4491	4492	1
4490	4491	2
4493	4492	4
4467	4493	1
4490	4465	1
4493	4482	3
4494	4488	5
4494	4495	8
4475	4495	3
4495	4478	3
4496	4483	7
4493	4496	9
4475	4497	11
4477	4497	20
4483	4498	6
4502	4498	5
4499	4498	1
4500	4499	7
4501	4500	15
4487	4501	30
4487	4502	7
4500	4503	1
4503	4485	20
4472	4504	4
4478	4505	25
4505	4506	3
4479	4506	2
4479	4511	7
4510	4511	5
4477	4510	20
4509	4510	15
4476	4509	4
4513	4476	11
4476	4507	8
4507	4508	2
4469	4512	1
4503	4508	10
4485	4507	5
4501	4518	2
4515	4518	6
4517	4515	1
4517	4516	9
4513	4516	5
4513	4515	4
4514	4513	10
4509	4514	9
4508	4515	1
4518	4520	7
4519	4520	10
4533	4534	5
4522	4523	1
4528	4530	2
4521	4525	1
4530	4533	12
4523	4526	3
4526	4528	4
4522	4527	5
4529	4532	1
4527	4532	22
4520	4521	2
4532	4534	8
4520	4524	3
4532	4531	1
4521	4528	3
4529	4530	5
4529	4535	9
4526	4535	3
4531	4535	3
4535	4536	6
4535	4541	100
4536	4527	9
4527	4537	3
4537	4536	5
4537	4538	1
4538	4539	3
4540	4539	5
4542	4539	3
4541	4540	7
4537	4519	30
4537	4532	40
4528	4543	2
4523	4544	9
4544	4520	3
4547	4544	3
4546	4547	1
4545	4546	2
4548	4547	4
4522	4548	1
4545	4520	1
4548	4537	3
4549	4543	5
4549	4550	8
4530	4550	3
4550	4533	3
4551	4538	7
4548	4551	9
4530	4552	11
4532	4552	20
4538	4553	6
4557	4553	5
4554	4553	1
4555	4554	7
4556	4555	15
4542	4556	30
4542	4557	7
4555	4558	1
4558	4540	20
4527	4559	4
4533	4560	25
4560	4561	3
4534	4561	2
4534	4566	7
4565	4566	5
4532	4565	20
4564	4565	15
4531	4564	4
4568	4531	11
4531	4562	8
4562	4563	2
4524	4567	1
4558	4563	10
4540	4562	5
4556	4573	2
4570	4573	6
4572	4570	1
4572	4571	9
4568	4571	5
4568	4570	4
4569	4568	10
4564	4569	9
4563	4570	1
4573	4575	7
4574	4575	10
4588	4589	5
4577	4578	1
4583	4585	2
4576	4580	1
4585	4588	12
4578	4581	3
4581	4583	4
4577	4582	5
4584	4587	1
4582	4587	22
4575	4576	2
4587	4589	8
4575	4579	3
4587	4586	1
4576	4583	3
4584	4585	5
4584	4590	9
4581	4590	3
4586	4590	3
4590	4591	6
4590	4596	100
4591	4582	9
4582	4592	3
4592	4591	5
4592	4593	1
4593	4594	3
4595	4594	5
4597	4594	3
4596	4595	7
4592	4574	30
4592	4587	40
4583	4598	2
4578	4599	9
4599	4575	3
4602	4599	3
4601	4602	1
4600	4601	2
4603	4602	4
4577	4603	1
4600	4575	1
4603	4592	3
4604	4598	5
4604	4605	8
4585	4605	3
4605	4588	3
4606	4593	7
4603	4606	9
4585	4607	11
4587	4607	20
4593	4608	6
4612	4608	5
4609	4608	1
4610	4609	7
4611	4610	15
4597	4611	30
4597	4612	7
4610	4613	1
4613	4595	20
4582	4614	4
4588	4615	25
4615	4616	3
4589	4616	2
4589	4621	7
4620	4621	5
4587	4620	20
4619	4620	15
4586	4619	4
4623	4586	11
4586	4617	8
4617	4618	2
4579	4622	1
4613	4618	10
4595	4617	5
4611	4628	2
4625	4628	6
4627	4625	1
4627	4626	9
4623	4626	5
4623	4625	4
4624	4623	10
4619	4624	9
4618	4625	1
4628	4630	7
4629	4630	10
4643	4644	5
4632	4633	1
4638	4640	2
4631	4635	1
4640	4643	12
4633	4636	3
4636	4638	4
4632	4637	5
4639	4642	1
4637	4642	22
4630	4631	2
4642	4644	8
4630	4634	3
4642	4641	1
4631	4638	3
4639	4640	5
4639	4645	9
4636	4645	3
4641	4645	3
4645	4646	6
4645	4651	100
4646	4637	9
4637	4647	3
4647	4646	5
4647	4648	1
4648	4649	3
4650	4649	5
4652	4649	3
4651	4650	7
4647	4629	30
4647	4642	40
4638	4653	2
4633	4654	9
4654	4630	3
4657	4654	3
4656	4657	1
4655	4656	2
4658	4657	4
4632	4658	1
4655	4630	1
4658	4647	3
4659	4653	5
4659	4660	8
4640	4660	3
4660	4643	3
4661	4648	7
4658	4661	9
4640	4662	11
4642	4662	20
4648	4663	6
4667	4663	5
4664	4663	1
4665	4664	7
4666	4665	15
4652	4666	30
4652	4667	7
4665	4668	1
4668	4650	20
4637	4669	4
4643	4670	25
4670	4671	3
4644	4671	2
4644	4676	7
4675	4676	5
4642	4675	20
4674	4675	15
4641	4674	4
4678	4641	11
4641	4672	8
4672	4673	2
4634	4677	1
4668	4673	10
4650	4672	5
4666	4683	2
4680	4683	6
4682	4680	1
4682	4681	9
4678	4681	5
4678	4680	4
4679	4678	10
4674	4679	9
4673	4680	1
4683	4685	7
4684	4685	10
4698	4699	5
4687	4688	1
4693	4695	2
4686	4690	1
4695	4698	12
4688	4691	3
4691	4693	4
4687	4692	5
4694	4697	1
4692	4697	22
4685	4686	2
4697	4699	8
4685	4689	3
4697	4696	1
4686	4693	3
4694	4695	5
4694	4700	9
4691	4700	3
4696	4700	3
4700	4701	6
4700	4706	100
4701	4692	9
4692	4702	3
4702	4701	5
4702	4703	1
4703	4704	3
4705	4704	5
4707	4704	3
4706	4705	7
4702	4684	30
4702	4697	40
4693	4708	2
4688	4709	9
4709	4685	3
4712	4709	3
4711	4712	1
4710	4711	2
4713	4712	4
4687	4713	1
4710	4685	1
4713	4702	3
4714	4708	5
4714	4715	8
4695	4715	3
4715	4698	3
4716	4703	7
4713	4716	9
4695	4717	11
4697	4717	20
4703	4718	6
4722	4718	5
4719	4718	1
4720	4719	7
4721	4720	15
4707	4721	30
4707	4722	7
4720	4723	1
4723	4705	20
4692	4724	4
4698	4725	25
4725	4726	3
4699	4726	2
4699	4731	7
4730	4731	5
4697	4730	20
4729	4730	15
4696	4729	4
4733	4696	11
4696	4727	8
4727	4728	2
4689	4732	1
4723	4728	10
4705	4727	5
4721	4738	2
4735	4738	6
4737	4735	1
4737	4736	9
4733	4736	5
4733	4735	4
4734	4733	10
4729	4734	9
4728	4735	1
4738	4740	7
4739	4740	10
4753	4754	5
4742	4743	1
4748	4750	2
4741	4745	1
4750	4753	12
4743	4746	3
4746	4748	4
4742	4747	5
4749	4752	1
4747	4752	22
4740	4741	2
4752	4754	8
4740	4744	3
4752	4751	1
4741	4748	3
4749	4750	5
4749	4755	9
4746	4755	3
4751	4755	3
4755	4756	6
4755	4761	100
4756	4747	9
4747	4757	3
4757	4756	5
4757	4758	1
4758	4759	3
4760	4759	5
4762	4759	3
4761	4760	7
4757	4739	30
4757	4752	40
4748	4763	2
4743	4764	9
4764	4740	3
4767	4764	3
4766	4767	1
4765	4766	2
4768	4767	4
4742	4768	1
4765	4740	1
4768	4757	3
4769	4763	5
4769	4770	8
4750	4770	3
4770	4753	3
4771	4758	7
4768	4771	9
4750	4772	11
4752	4772	20
4758	4773	6
4777	4773	5
4774	4773	1
4775	4774	7
4776	4775	15
4762	4776	30
4762	4777	7
4775	4778	1
4778	4760	20
4747	4779	4
4753	4780	25
4780	4781	3
4754	4781	2
4754	4786	7
4785	4786	5
4752	4785	20
4784	4785	15
4751	4784	4
4788	4751	11
4751	4782	8
4782	4783	2
4744	4787	1
4778	4783	10
4760	4782	5
4776	4793	2
4790	4793	6
4792	4790	1
4792	4791	9
4788	4791	5
4788	4790	4
4789	4788	10
4784	4789	9
4783	4790	1
4793	4795	7
4794	4795	10
4808	4809	5
4797	4798	1
4803	4805	2
4796	4800	1
4805	4808	12
4798	4801	3
4801	4803	4
4797	4802	5
4804	4807	1
4802	4807	22
4795	4796	2
4807	4809	8
4795	4799	3
4807	4806	1
4796	4803	3
4804	4805	5
4804	4810	9
4801	4810	3
4806	4810	3
4810	4811	6
4810	4816	100
4811	4802	9
4802	4812	3
4812	4811	5
4812	4813	1
4813	4814	3
4815	4814	5
4817	4814	3
4816	4815	7
4812	4794	30
4812	4807	40
4803	4818	2
4798	4819	9
4819	4795	3
4822	4819	3
4821	4822	1
4820	4821	2
4823	4822	4
4797	4823	1
4820	4795	1
4823	4812	3
4824	4818	5
4824	4825	8
4805	4825	3
4825	4808	3
4826	4813	7
4823	4826	9
4805	4827	11
4807	4827	20
4813	4828	6
4832	4828	5
4829	4828	1
4830	4829	7
4831	4830	15
4817	4831	30
4817	4832	7
4830	4833	1
4833	4815	20
4802	4834	4
4808	4835	25
4835	4836	3
4809	4836	2
4809	4841	7
4840	4841	5
4807	4840	20
4839	4840	15
4806	4839	4
4843	4806	11
4806	4837	8
4837	4838	2
4799	4842	1
4833	4838	10
4815	4837	5
4831	4848	2
4845	4848	6
4847	4845	1
4847	4846	9
4843	4846	5
4843	4845	4
4844	4843	10
4839	4844	9
4838	4845	1
4848	4850	7
4849	4850	10
4863	4864	5
4852	4853	1
4858	4860	2
4851	4855	1
4860	4863	12
4853	4856	3
4856	4858	4
4852	4857	5
4859	4862	1
4857	4862	22
4850	4851	2
4862	4864	8
4850	4854	3
4862	4861	1
4851	4858	3
4859	4860	5
4859	4865	9
4856	4865	3
4861	4865	3
4865	4866	6
4865	4871	100
4866	4857	9
4857	4867	3
4867	4866	5
4867	4868	1
4868	4869	3
4870	4869	5
4872	4869	3
4871	4870	7
4867	4849	30
4867	4862	40
4858	4873	2
4853	4874	9
4874	4850	3
4877	4874	3
4876	4877	1
4875	4876	2
4878	4877	4
4852	4878	1
4875	4850	1
4878	4867	3
4879	4873	5
4879	4880	8
4860	4880	3
4880	4863	3
4881	4868	7
4878	4881	9
4860	4882	11
4862	4882	20
4868	4883	6
4887	4883	5
4884	4883	1
4885	4884	7
4886	4885	15
4872	4886	30
4872	4887	7
4885	4888	1
4888	4870	20
4857	4889	4
4863	4890	25
4890	4891	3
4864	4891	2
4864	4896	7
4895	4896	5
4862	4895	20
4894	4895	15
4861	4894	4
4898	4861	11
4861	4892	8
4892	4893	2
4854	4897	1
4888	4893	10
4870	4892	5
4886	4903	2
4900	4903	6
4902	4900	1
4902	4901	9
4898	4901	5
4898	4900	4
4899	4898	10
4894	4899	9
4893	4900	1
4903	4905	7
4904	4905	10
4918	4919	5
4907	4908	1
4913	4915	2
4906	4910	1
4915	4918	12
4908	4911	3
4911	4913	4
4907	4912	5
4914	4917	1
4912	4917	22
4905	4906	2
4917	4919	8
4905	4909	3
4917	4916	1
4906	4913	3
4914	4915	5
4914	4920	9
4911	4920	3
4916	4920	3
4920	4921	6
4920	4926	100
4921	4912	9
4912	4922	3
4922	4921	5
4922	4923	1
4923	4924	3
4925	4924	5
4927	4924	3
4926	4925	7
4922	4904	30
4922	4917	40
4913	4928	2
4908	4929	9
4929	4905	3
4932	4929	3
4931	4932	1
4930	4931	2
4933	4932	4
4907	4933	1
4930	4905	1
4933	4922	3
4934	4928	5
4934	4935	8
4915	4935	3
4935	4918	3
4936	4923	7
4933	4936	9
4915	4937	11
4917	4937	20
4923	4938	6
4942	4938	5
4939	4938	1
4940	4939	7
4941	4940	15
4927	4941	30
4927	4942	7
4940	4943	1
4943	4925	20
4912	4944	4
4918	4945	25
4945	4946	3
4919	4946	2
4919	4951	7
4950	4951	5
4917	4950	20
4949	4950	15
4916	4949	4
4953	4916	11
4916	4947	8
4947	4948	2
4909	4952	1
4943	4948	10
4925	4947	5
4941	4958	2
4955	4958	6
4957	4955	1
4957	4956	9
4953	4956	5
4953	4955	4
4954	4953	10
4949	4954	9
4948	4955	1
4958	4960	7
4959	4960	10
4973	4974	5
4962	4963	1
4968	4970	2
4961	4965	1
4970	4973	12
4963	4966	3
4966	4968	4
4962	4967	5
4969	4972	1
4967	4972	22
4960	4961	2
4972	4974	8
4960	4964	3
4972	4971	1
4961	4968	3
4969	4970	5
4969	4975	9
4966	4975	3
4971	4975	3
4975	4976	6
4975	4981	100
4976	4967	9
4967	4977	3
4977	4976	5
4977	4978	1
4978	4979	3
4980	4979	5
4982	4979	3
4981	4980	7
4977	4959	30
4977	4972	40
4968	4983	2
4963	4984	9
4984	4960	3
4987	4984	3
4986	4987	1
4985	4986	2
4988	4987	4
4962	4988	1
4985	4960	1
4988	4977	3
4989	4983	5
4989	4990	8
4970	4990	3
4990	4973	3
4991	4978	7
4988	4991	9
4970	4992	11
4972	4992	20
4978	4993	6
4997	4993	5
4994	4993	1
4995	4994	7
4996	4995	15
4982	4996	30
4982	4997	7
4995	4998	1
4998	4980	20
4967	4999	4
4973	5000	25